Zeitliche Ableitung: 1/6(-2*x(t-2) - x(t-1) + x(t+1) + 2*x(t+2))
Um Randprobleme zu vermeiden wurden am Anfang und Ende zwei
Vektoren mit Nullen eingefuegt.
Frame Nr. 0
-6.401238399542631
-4.282130021205282
-2.1195993805348854
-2.2875331035327187
-0.34930401633187447
0.4930133080775055
0.3783982111572548
0.13150971536013537
0.9165082808817714
0.3623411034390874
0.03667450533232999
0.1720124674506378
-3.096628210018105
-2.0657082601218013
-1.0206971035055954
-1.1205345030719012
-0.25295695158815895
0.11500057399321444
0.07197083128040344
-0.02466533672956732
0.40641213380090074
0.1966505677111309
0.07287750322259763
0.12417184804779675

Frame Nr. 1
-6.28037352410749
-4.147158068105936
-1.995139044395751
-2.1226372799469093
-0.2128527499077956
0.5417415665059466
0.3728760865216997
0.1025526654764072
0.8423894722552117
0.2783141875009201
0.010040284762012588
0.14642761249156536
-1.7726920716792813
-1.176065140106125
-0.5081959128836079
-0.510157997559144
-0.11001851615666329
0.15846308656671246
0.14068797627765334
-0.019061949319055988
0.2830170579541966
0.11688111571788833
-0.0038586200867971646
0.03976985973958727

Frame Nr. 2
-6.149697868000571
-4.123545746312436
-2.0645217883189106
-2.300284869242249
-0.652444479810579
0.07413093872666998
0.029474450580360467
-0.12527234292690556
0.7980416652750965
0.4507946093829327
0.21361236728678662
0.2993017378976076
0.6874705319818482
0.12998324276842985
0.23127422362563976
0.47196735779454096
-0.15629613485791297
0.07979138974991751
0.004692903816930993
-0.11665705261949609
-0.07062182901062582
-0.12130604789502936
-0.03087859716452926
-0.06994311511021566

Frame Nr. 3
-5.443846480808874
-3.6074875577647987
-1.552126534758811
-1.524098109822667
-0.17848531673063758
0.6848304443755551
0.5965258091214072
0.0712051811863525
0.9082844816659273
0.30641659418174233
-0.1000447912376198
0.05566494399527691
2.335694650459159
1.5804177920562716
1.460938712574471
1.496794163540888
0.15374792388914627
0.30200645958002725
0.13454593653442073
-0.1361162602976115
-0.226151007691095
-0.1187643987229295
-0.052275675406006555
-0.15129120220089806

Frame Nr. 4
-4.757090325246394
-4.162015548070562
-1.6472829644764362
-1.170900615211217
-0.8353761374941924
0.6608430383924537
0.2806520613081941
-0.20278770035332552
0.6716952891445362
-0.01562824358641185
-9.187481614415724E-4
0.007564456368135047
4.268882804452885
2.4881027783852883
2.27563602020022
2.2424327300601985
0.14437577341963725
0.26547945936717904
0.10346873011732344
-0.06494009512726819
-0.3633756579594694
0.12657060159031505
0.08767365415707899
-0.1525883102467942

Frame Nr. 5
0.030406655892900147
0.6133302089419415
2.1790576814064253
1.803053083660238
0.3398568506014499
1.1544048954131365
0.6509250907610451
-0.26703843670321736
0.22710963724720667
0.15523241781680386
-0.03952118373189297
-0.16157735334639248
4.6563329511398
2.697570000207983
2.037495731075968
2.1579722871425413
-0.09859619560221285
-0.15417570754485843
0.04699533194072236
-0.16786334121790003
-0.40856851063771593
0.33769789588234983
0.15118624458583002
-0.056735626698766195

Frame Nr. 6
3.919823977007197
1.2303537054900584
2.896794164199131
2.763437724196894
-0.4784882432177109
0.6357820913094163
0.3126810001125118
-0.1509708193639252
0.048502113606048614
0.906098502336347
0.44637152600516017
-0.0498420441719403
3.2812457699976876
2.0006680057801876
1.0056521983349964
1.5745307507039021
0.025241998086272217
-0.4155121089703176
0.185850656851428
-0.12905262188236047
-0.3171344816823746
0.16438834871923028
0.13213797613856446
-0.08317081252258438

Frame Nr. 7
4.18669522148373
1.7890378160788414
2.2883220941313094
2.982649581900902
-0.6527178506755169
0.2348337952824986
0.7214973355414154
-0.4582932829620478
-0.005824462477976744
0.8586469088674125
0.12986880543656937
-0.085838685830984
0.23888040819805875
0.4885281940836867
-0.5193294700308692
0.03755294769556657
0.4732128267734126
-0.631324015898549
0.11097992989040402
0.09182099947605238
-0.1477432131453274
-0.3538974972863776
-0.056027408420892405
-0.09978606831895043

Frame Nr. 8
3.0085027019512536
1.2521346657015515
1.315041424166111
2.9628933877801575
-0.2633627925968923
-0.12590773845318026
0.8029179094722929
-0.4943181428709918
-0.16324110603999598
0.1258295570459747
0.31080018567002066
-0.2798173149573223
-1.159006166875927
0.45318471241111274
-0.7377647764205713
-0.399416020227072
1.2067780030088944
-0.37262285539865153
0.025620311904014887
0.25134851567007316
-0.1390884517530655
-0.9260345315561173
-0.18460284163303653
-0.08738058950380373

Frame Nr. 9
1.202708518015048
2.068024311087255
1.4119456413303282
1.815984094955306
1.6519326056112784
-0.35872223740121256
0.7387464257523666
0.18009822347847304
-0.11024839236575323
-0.5163256013971427
-0.13981773882700044
-0.34594792291055276
-1.0603442339670144
0.4822447403366801
-0.43036464668392327
-0.6262002223126615
1.117208430369723
-0.16853060734516637
-0.2923539526282737
0.46449078266590355
0.041006776336831884
-0.8061841088481233
-0.06108610077834198
0.057700593547454375

Frame Nr. 10
1.934798828113757
2.45041459521919
1.1216880613379074
2.1485224069884756
1.9895205376655745
-0.1853084585446827
0.3809173907190808
0.2838789744260338
-0.31655127670925964
-1.1845188371997273
0.027406273237835503
-0.1819291941435671
1.4470334032793994
0.9761764940023226
-0.6824862283746725
-0.7918749775185803
-0.056786620368647824
-0.382879358909264
-0.8310245931144511
0.38910617404450765
-0.09459663355926161
-0.436258127153309
0.20887109718892108
0.16939737122249468

Frame Nr. 11
1.5425144565014355
2.6366320723300625
1.0939048354936416
1.5112344053587585
1.5724657753024185
-0.24105766670724926
0.05543573703320037
0.5460805063871502
0.19385095186715073
-0.9047312205541065
0.088307459317636
0.03831903440450149
3.502961068096152
0.941145374860485
-1.2616956274553603
-0.9547796998868243
-1.2164163616521464
-0.6001186519400886
-1.0818283355256824
0.31219591684319364
-0.2068582824858666
-0.0031639605248815115
0.44287121962802095
0.24368381977986683

Frame Nr. 12
7.179699942546258
3.8963602670871156
-0.573396858039563
0.7396433000226907
-0.39398923854840584
-1.333378100527954
-1.3485005255114773
0.4900092378081927
-0.5990806788342328
-0.9887420148354704
0.8233508781644657
0.036241320052634696
3.663911318103148
0.8019203912711116
-1.5008564669865716
-1.1960456111281648
-1.2531261282162756
-0.7900452010667299
-0.9081323721478055
0.4285539585530443
-0.1925483804949691
0.3219890780492305
0.4038609721149124
0.1436555149792116

Frame Nr. 13
9.089141165087252
4.168487599734747
-1.5255987813470178
-0.3439154512222746
-0.8055615912381711
-1.585043372229843
-1.6420296227094011
1.0136208423169746
-0.5895585387608665
-0.6237058941539158
0.7908236175937473
0.2760182793309468
2.6673723785516237
0.38868855171713895
-1.2152485399933124
-0.8532646563109275
-0.7456884445616353
-0.6044854179029749
-0.555798371415559
0.3615468285392509
-0.20182420973935222
0.3570414139286106
0.3029442286567487
0.01765457642277321

Frame Nr. 14
9.153219428130292
4.090248005330182
-2.0711295312014775
-0.5120394981055023
-0.5808441637129576
-1.8834512089835758
-1.4947470458530352
1.3357706821202546
-0.5024916728801584
-0.3590642662521311
0.887731110444517
0.13018772833084508
0.27054708797700994
-0.3208696469038695
-0.32216058145051046
-0.18011192653096697
-0.04081408958292402
-0.2425689148999178
0.11780412431955407
0.2426508501790764
-0.135684331041253
0.36252932447743985
0.09622921300126235
-0.158105916674617

Frame Nr. 15
8.55787184936429
3.7057538583599454
-1.802974447905338
-0.4227181645099276
-0.5711720958002116
-1.7794773661883632
-1.5388361170426976
1.207840269848872
-0.4599161803279431
-0.14844585305994434
0.9649500291478563
0.04430955953371593
-0.7261646116343691
-0.6508444421514256
0.6142702029400745
0.5961210303750564
0.06151222275962239
0.021695966624002267
0.326518785751517
-0.24065579130493656
-0.5154974069745151
0.191095990236142
-0.04145798205577885
-0.20208561871040867

Frame Nr. 16
8.25697586433877
3.1651181970629088
-1.4011907691119343
0.23870887707361632
-0.6336262550161577
-1.963867848248447
-1.0466849053861667
1.1208520745794732
-1.0709548511744535
-0.13878406195013654
1.0249753113911981
-0.32222207007260084
-1.6473761969634315
-0.9334978114518568
1.4529721476705493
0.8103266306397082
0.047015873349425696
0.5824974013759746
0.5186820726904898
-0.6344381455499147
-0.5418215880748839
0.2613298289000114
-0.3960659575673577
0.01348650392896806

Frame Nr. 17
7.358769112079906
2.678519177414107
-0.017757553571565943
1.0690734523133352
-0.5946338773077038
-1.4797471527254005
-0.8865043356882842
0.3991127721725557
-1.8518191705372642
-0.16055802559648708
0.5978275709530703
-0.10403367759855628
-2.1675686237928082
-0.9580314024731565
1.7914669859440775
0.9761073660594944
0.16019782829833054
0.8211059065104095
0.8062398545031505
-0.7508994718986474
-0.3222628984358396
0.3939988707923998
-0.7560181866396848
0.12110837318338115

Frame Nr. 18
4.81064220588219
1.803371911447532
1.3951784646432839
1.1730445854019909
-0.42806565291093435
-0.28582411158713295
-0.2648667184587722
-0.1631800056913316
-1.4320049420001495
0.4309813067161744
-0.11690553316016283
0.2448188586838854
-2.7076655106408047
-0.7695402896354846
1.655426198268076
0.8748712110750366
0.40649491397909826
0.9051863109402861
0.8745364256911374
-0.711184661475242
0.23592457128785685
0.42946548905465326
-0.8999211633953409
0.15678757343508334

Frame Nr. 19
3.778332807214155
1.5125327937481643
2.1732418930492865
2.0384360795043683
-0.19335891195783156
-0.15518151498779198
0.48897435300305625
-0.4028421057116682
-1.246179830222614
0.7486680749840995
-0.7321641084955178
0.12411421470561626
-2.9128005228828506
-0.3082275107935047
1.0525476203244735
0.3006387315099636
0.5136332506351072
0.7069059389234694
0.688402256778963
-0.4360005194634753
0.7557293735401975
0.1960574907945926
-0.5757166930864805
0.08308835306094248

Frame Nr. 20
1.9241974848492314
1.4394905199894268
2.4695881023818678
2.3786411967032093
0.3852210042462011
0.08940826570360749
0.8891850273415753
-0.6117244709041406
-0.6660008074682081
0.69499935492353
-1.0097923390705306
0.03406670408056295
-2.7498176850268496
-0.013465728195761972
0.42680982060040323
-0.19371316162594088
0.6644746746251566
0.5568635690942444
0.2747157017321262
-0.09689631975843864
0.803811438616563
-0.26497170217137517
-0.15514121694578129
-0.14456889073091228

Frame Nr. 21
0.06358990394783515
1.9357773407626455
2.6026804885325627
1.3681913411926168
0.5396225460190499
0.4533544753996375
0.6016765617484314
-0.6846165536114657
0.032366882817357334
0.2956054226836129
-0.6828791053511876
0.2506074588859324
-2.822734339615355
-0.4864220028515264
-0.19920574675659752
-0.7358807789265929
0.7041864815083555
0.7223067939873711
0.0036762978709395933
0.116128188346592
0.6467426988961668
-0.5229295446349078
0.010419884820483616
-0.2455160247960851

Frame Nr. 22
-1.5814393975652
1.5513524533530054
2.4608886287028553
0.927027469680044
1.1988676419760949
1.0804986005018855
0.502929282364919
-0.31298174101674875
0.3401560173295537
-0.1374024736477079
-0.6069716855696718
-0.2521344355990095
-2.48112595061747
-1.3051236436734677
-0.8546973388551048
-1.1067684398082027
0.3016403799810616
0.44751676349777975
-0.2508881007428188
0.18956957329609825
0.3365803003724557
-0.3975895240262219
0.11489500991108774
-0.16438547961232655

Frame Nr. 23
-2.9370517704246946
-0.0026641814882042425
1.5799743896189997
0.5566006062361724
1.5123772137022882
1.5161936995751824
0.6931311191042032
-0.20382890561558809
0.19096985406700517
-0.4039196446350049
-0.9023147807844963
-0.46933328984285283
-1.8783848485692853
-1.8931266511237235
-1.28035730379498
-1.1547963448213794
-0.23341752501432358
-0.00766015768989925
-0.31386816755329944
0.19016267836262657
0.08323042843092203
-0.04196426178700093
0.17982552319176373
0.030715700155210135

Frame Nr. 24
-4.018859529816915
-1.5066596499055516
0.41684913527333434
-0.535868755243176
0.8037648103477667
0.9005389441091743
0.09079344643523321
-0.28340957501378466
0.26443860802433505
-0.14800668349582674
-0.555389471620613
-0.09911936039202415
-1.3505200666647725
-1.7175049344645696
-1.3897936921420007
-1.1505505021970255
-0.6644693736224668
-0.4005994810248763
-0.34680337250516696
-0.015621346645422474
0.04751470752675785
0.13334083852168238
0.23869959431101787
0.1964165953574933

Frame Nr. 25
-4.352854575634163
-2.2145965609792464
-0.2163716761376171
-1.3647495808099113
0.03692138679024304
0.5203538305262952
-0.1338600229466239
-0.1289146015250681
0.31991687276273273
0.17501474224666952
-0.16919364275042567
0.26624702174807013
-0.9246326514437513
-1.0555989851294088
-1.0070287865295147
-0.8306662017314475
-0.5871656710862768
-0.38801700412910317
-0.20328538408322172
-0.023449392534293966
0.12233260962019461
0.10217321928743543
0.18633648234165365
0.06485135770889106

Frame Nr. 26
-4.925098194954783
-2.495196160295182
-0.8103194148448383
-1.5639489433879903
-0.05681256543528301
0.3766200919517
-0.12398526412516836
-0.3973029329982762
0.41822663056196346
-0.02684715152349798
-0.2574334716536535
-0.030674805321991044
-0.8164761814533272
-0.8006908507198025
-0.7893989095360282
-0.49412397672720765
-0.28755207600679683
-0.1145022654023153
0.1051825897246463
0.0631934271249137
0.1817212136301077
0.04222097312137718
0.06890562995368156
-0.08089573719092853

Frame Nr. 27
-5.257830392187015
-2.6751928816816153
-0.8275276949104577
-1.4213579048857625
0.1811688883349828
0.6141021132666101
0.19066432213473883
-0.2172304042262242
0.4810736716587748
-0.157979752758863
-0.4922833337430153
-0.3090014942511963
-0.7025558472071337
-0.6401464308572623
-0.5836949107831209
-0.27397034370482115
-0.09869194046970937
-0.04205287764110088
0.107546480440378
6.137851024080784E-4
0.1229850463981891
-0.012105209965971572
0.011160210145530666
-0.07970131591268491

Frame Nr. 28
-6.015800165900471
-3.6784340417137744
-1.6457695839483302
-1.9899365233868733
-0.1310151684449936
0.5101580065320709
0.24407904306849076
-0.0496713922884655
0.7290238494666371
0.14515348337107106
-0.18712773626327356
-0.05418231396517656
-0.3813190710012015
-0.4344776568732633
-0.35678901314292094
-0.25594510890968775
-0.14896438333892925
-0.0660588012715591
0.03747144695888916
0.06537414877270294
0.10374426419773979
0.11514112197691169
0.12007863979144712
0.0969194780285327

Frame Nr. 29
-5.915171131782721
-3.543416912841737
-1.5497313239352337
-1.9736668219249331
-0.22205313311402983
0.32742624031280715
0.004747264777680504
-0.3008890165727492
0.5334734025049632
0.05269879490147028
-0.17086588000902367
0.03889682833160815
1.107111427057637
0.8160394957554002
-0.045297106256096176
-0.3750812405598179
-0.3077454787388065
-0.06195539416374215
-0.13377434089805348
-0.15221630019442736
-0.1388181887248968
-0.01443561141130395
0.18800476335578442
0.26379477550349395

Frame Nr. 30
-5.740385038160534
-3.3645171153349107
-1.5195846397612132
-2.055629811597468
-0.30209470472756444
0.32178162461392423
0.08138760543002829
-0.1593511805069049
0.7032595577320886
0.2132369405770705
-0.05790627914630791
0.0861344674722048
1.2631114136535964
1.1527446244992128
0.28958599057814083
-0.21806957818662873
-0.36838489691527254
-0.24937746051564869
-0.27013238678493146
-0.2527573094576876
-0.21330883515476318
-0.11307033311748799
0.045930155739162336
0.10778098255649822

Frame Nr. 31
-2.074203674884072
-0.3840328576048462
-1.0265114857723048
-2.513754982459919
-0.6565277797401512
0.522424121734457
-0.12931298174019046
-0.6190394107002866
0.07750125135135866
-0.23532831559577455
0.007120227765855067
0.41222444154059495
2.2372962747228278
1.4419097908639673
0.5967376260560514
0.6048103796280112
-0.045455260820354414
-0.2186845701608731
-0.09836168816879291
0.018710181675773947
-0.24218715719381087
-0.061446415185463586
0.04355128603852155
-0.013571882839266065

Frame Nr. 32
-4.146949653389006
-1.7998921958345808
-1.0386215312953722
-2.374101177679267
-1.0189325358777506
-0.33547331572570005
-0.4992879940273681
-0.6488681235977596
0.31708341957914987
-0.050043960732770454
-0.13833032293322595
0.08249682709982471
2.2591622918675234
1.1855111813791113
0.6776134608824552
1.1041691009424757
0.21011953153254667
-0.19433122849371756
-0.005577038186644355
0.15629029528568272
-0.2473367278025893
-0.031857594259727735
0.018115388421126793
-0.09741556274750075

