Power Spektrum
Frame Nr. 0
9.316314578261755
365.3382241544943
551.3619594106705
13.72110953594538
5.200807242368299
0.7046464717954263
1.9888007332788056
14.561959687967096
66.93741619746567
8.586922703238324
5.599831941007279
36.61633337286732
10.987851450447343
13.888983637177693
2.9240791717691152
4.93575045810623
3.117233664417581
0.7376523379005894
9.002013127058914
7.340779984898306
6.915595374870962
14.417489596388563
1.0893453557073873
11.443794524294391
5.688423229149377
2.02684964216942
8.578318926311557
6.195780246586097
0.17832214412673483
1.0752922774122846
0.10551821833729513
3.8959483790989893
1.9343421904752656
0.9394318941719053
0.052189896874019
0.22389842380360162
0.06413138706611868
0.7779659752816598
0.10683428500543615
0.09804480689447036
1.4949768309325704
0.613804883743402
0.02322260994057109
0.22576903756506805
0.0077025971101869865
0.11755490859098834
0.10390571125272423
0.6004562187988316
0.5141925713276105
0.41114956485446535
2.4456518076656435
2.6880962510620487
0.3157923154198815
1.4552821613441975
0.9335410424969474
1.7294870049608178
1.5883303027504994
2.2895360204799653
2.0106016392590402
0.9761566786121019
1.9594156689032358
3.325586974218482
2.5695507486448883
0.14381763614674745
0.44359201946712074
5.302154442429188
4.7413655997509965
2.741413307344277
1.9902889035448823
0.14737786599306918
0.15102745264064185
0.05491752875132791
0.6933806879771358
0.7491508673040908
0.09866413558511075
0.28641815548260596
0.546378666412402
0.8180580878307215
4.1480584623132224E-4
2.283299018703833
2.7949269157452727
1.3376015326103972
2.7485280256618854
1.6020017959716777
1.144900221318082
1.2497396951557627
0.16320161576807457
0.15616749020369952
0.18258407754593306
0.7113060340817821
0.3257577347614746
0.05802728888385128
0.0969578841319264
0.12740568351066336
0.2929801205825774
0.19106053101079998
0.14699899718934567
0.005977639987445843
0.031601111654092136
0.05623881218744137
0.02993134983248952
0.04357937501880819
0.10150217286567333
0.07199887813459545
0.16663197261495363
0.09634884302885696
0.015084099042336676
0.017159825888909654
0.04235722505845826
0.04280370697963315
0.008796398991013418
0.04455045671729475
0.028616525752518256
0.01392348112397045
0.010436366436504755
0.020762945819717084
0.03507548670308475
0.03635145142566877
0.004539687392866554
0.0033057764568893058
0.011016207177769482
0.016574902905249708
0.011861354668301445
0.007313689815480946
0.011971610477271325
0.010985419311257955
0.012633088473281305
0.03366969663976525
Frame Nr. 1
58.00750801459915
773.0646514812858
1289.3531222951808
120.8958776993829
9.072557738781603
28.953978732218545
1.612200188745808
25.12842997111991
65.67387212986404
8.32297988363163
12.71585627386819
77.30557875781233
36.72458910284955
18.461172250677116
5.303383151445847
4.493058769402681
0.8405722564061276
10.300251811417512
8.585339801242947
4.688194712387661
2.870371759564019
9.641700531980886
7.431798082620669
0.5101321937378909
1.833345478479297
4.0913318052550816
0.5949904713594446
4.131756480785143
8.728320286657599
1.7571734333659452
0.40911473630433265
2.6164667279837843
1.1527127548982574
0.8333571449886203
0.5455129281201743
0.7140517286881851
0.6263942566225708
0.37344172038459655
0.8452274658109445
0.2376834093746438
0.4883658368018855
0.4529749519171348
0.043807973825823
0.13407668974995748
1.2389358809690554
3.023914747250786
1.4953819995947202
2.2367333921398584
4.268494198863021
3.592993245826029
0.9283283126467816
5.004448287658424
3.008121146008955
0.050881552271398664
2.8890151253838257
3.2528627419793175
0.13723845474932658
5.190811646568748
3.3813958489980194
0.1540715934393766
0.6991204046943033
2.010887181037888
4.3186127143305955
1.019568699747821
0.0652353470753961
0.08718251003552208
2.1147896211062958
3.2616704658795936
1.9809271813142733
1.4741164352915161
2.5180274109689305
2.739823491251288
0.670678048625836
0.9646336601665532
0.10088139551497302
1.1752194035162453
1.0059308898658164
1.3788634712942056
0.3080371070442414
0.9837038321241698
4.3739344672219085
0.05691141637365886
3.045507946513776
0.5805737260938209
0.2829186611674864
0.6935426308950119
0.46548543261600617
0.6224918690914427
0.2109605776347803
0.8564930092552931
0.5806511650837876
0.09351640287178506
0.1542414563170966
0.5214717700626937
0.18595766976534436
0.01112075085052591
0.0011526194111402038
0.02772780596686697
0.05388155854763563
0.0893632179734558
0.031008556198859314
0.020998753436116187
0.08302867798792632
0.15465331335245142
0.13604841111365978
0.013100306995590727
0.009921873132644636
0.03109649268844908
0.012098139386581388
0.05428630835444746
0.052931650183228734
0.10906923850581518
0.010762754312337761
0.05684482044304541
0.10346528122993201
5.578272733420782E-4
0.05717706417643851
0.00946407839551837
0.0065014128273043325
0.02070621195223025
0.03506756036806921
0.05559889069528572
0.08177891196050965
0.025682134951945372
2.9697884057136543E-4
0.002355815894716017
0.03880216224099001
0.12728274570502543
Frame Nr. 2
0.017860496323862975
386.71491388767816
512.7498858689491
22.06476229163301
12.22360165942072
0.6824278127804974
32.93500932716655
27.18715517566146
33.89393925603842
5.0350931873749625
1.0269694768677888
20.549182182408693
2.4051937665938783
7.61140237784009
15.260958208394552
45.17997909115195
40.19373046444792
36.805171843459924
50.542138613163914
50.01025500360289
28.348117598549457
1.67904201925401
10.377891382110265
3.769000535765465
1.1359896750911178
0.7773210611746059
2.1795681843075574
0.8745726854176991
2.1957007031185873
1.8094792218507698
0.29572274436791396
0.45230710104397087
0.0774982657799012
0.8090447033435442
1.1728306396991957
0.3925783506721535
0.8633335476030228
0.20646855650089813
0.10013265115486963
0.24231087031046816
0.1237660382109772
0.004726618888275713
0.6083708213821438
0.22991634573386738
0.7030253782571162
0.24363984074969708
0.3732919990599793
0.7453026329261349
3.5626997794406448
2.2776016248485442
0.5411626380799137
3.22874829077929
5.004931242538676
2.6521170627203787
0.40323842891597605
1.1859649537371062
5.94049200981155
20.138122007707324
10.63069871718753
16.438034439796855
3.494901962365123
4.3069096374196745
0.16884548628731202
2.696113546064706
2.952190585446549
4.703393516277822
0.9187004518656695
0.05662550773742267
0.967694789284343
0.07168410994312743
0.18641928027947952
1.9115653168027011
1.0087627834236639
7.139574594786488
3.9994628097761242
4.900816477278912
0.48499634974196015
0.20620519484244182
1.285870965674386
4.926335371505265
6.697858423436298
1.1112032418139883
1.307106263702135
2.612192792927843
0.2041945831776277
0.06269610368071639
0.13585696451085733
1.154289656117539
3.1529730012766004
0.9764231587638872
0.9559980741318836
0.6900448602886907
0.044780625262411215
0.8043890256882901
0.11313170928214028
9.34462384190559E-4
0.02466216770213388
0.12538193900203073
0.09068518290682959
0.04632330462430343
0.06271218666167036
0.09145453723556576
0.16932705988287478
0.20567868326904093
0.1698775251864818
0.02451790574862208
0.041027826807194204
0.07471172584558668
0.247968290372498
0.12165326922568039
0.039412578135310336
0.044820899000105205
0.002738594236305958
0.12094572760389519
0.22060537091071342
0.022298115455895634
0.013176010655272812
0.0014923583719993313
5.923895702924706E-4
0.004974172372073556
0.04548857284733442
0.07091360254717675
0.02675124676334178
0.031453296272290064
0.034796989362968156
0.032601743654283734
0.011294488967691639
0.16287711551186948
Frame Nr. 3
27.48982930528509
427.5121534368206
524.7463090755526
89.31653940173119
22.349598602132975
63.17265642499095
82.16406521798288
74.87656337323479
138.00108562714885
97.31055784803372
102.28842189406814
176.6210870558947
165.74713380537136
38.20818466308575
45.94812696584974
34.98127763086374
10.51530320912715
0.25160981815032385
3.4809472759945788
4.671940116628421
13.062824984494846
43.343613335656435
16.96553230189382
8.354422770822318
8.838468324172263
5.260982894904706
1.150820079807181
11.196083330857727
6.468849932875435
1.0654940413251635
1.1814984547421932
1.118185325129727
4.384634028557876
3.953696595408287
3.2280859993949997
3.986508335641958
0.2400503523594889
1.7813305891043119
1.1731764746399922
0.2430270362538572
0.9968167397785088
0.39850731657998645
0.7037639921967799
3.0820787735471
0.6804986034670967
0.7264962702478184
1.642983460084099
4.461977693917371
2.0767449960449356
1.4260633298774084
17.59884791547656
8.73053437371048
7.25627348650642
5.040166101008014
9.215958753506229
7.17560994747734
1.1383583671622985
20.59847525443442
24.16034738893185
4.032457348488184
31.821195786534084
0.8586623300223771
8.33574014460978
18.229593015541457
34.15846467292726
9.224593026827254
5.40109210765668
37.84555980441111
23.078366528205997
0.3971392550480771
9.274521440399592
12.30730911962597
17.168123059236237
11.145945012634288
5.995880560525908
0.2638510565488457
4.343521618982019
4.925541910026491
4.509289080328445
0.7830386014145384
0.2554579885681286
1.8001652968473087
2.1943681250733684
0.4037504173016834
5.416673461249444
3.9286946623490167
3.100426312162079
3.806625406039303
3.389306421682717
1.7996220496891797
1.1211003773127282
0.166020836599168
0.5123854509612945
0.8008665248985192
0.36260723382120774
0.24361444796966164
0.14300873905377526
0.08641624453548272
0.3346457154146074
0.1522303823846975
0.07900249534539558
0.07287098457260466
0.11153589279448076
1.5782600787988128
0.8980709855493599
0.07684840449208066
0.028744609789028645
0.07808768118902663
0.2126121637934142
0.007520449935332282
0.01834583996579429
0.07965687400018191
0.09472046594307444
0.01027167836175384
0.021630933828467466
0.06731547285159045
0.10240023359366374
0.07282257787515319
0.04774677718865725
0.17796711327332876
0.16322712848631798
0.021179214226801447
0.030545263202859656
0.10919308079277333
0.1844253859830448
0.260553234132426
0.20937954904834757
0.1651775148240992
Frame Nr. 4
14.081520513837612
644.0378256595978
1646.706811916314
354.52542576338925
56.07813412553449
29.750023131780612
40.719993191713954
15.913389029460145
127.93050454892737
85.27795767605002
33.62629361253974
42.42703209108865
104.1073876661565
197.09916509126214
100.14248564335173
67.71974226496313
28.033762327283725
22.660384936874728
17.27288573609944
12.758089958422943
15.544736982111685
18.172849412915276
12.189836753548231
1.9216990527152773
1.4492136178083614
11.617992608457723
11.933984565474843
14.230748874490533
15.782828672774448
1.1920431554160307
5.527229874452516
2.756978717308655
4.972271424054248
0.26785298467614943
0.05056010510612331
1.2565739994246765
1.042861376334922
2.5938003862590095
0.1759168102424155
0.7353369643852461
0.0011285502583790947
0.4067633586766459
0.464125530859294
5.140047296062403
0.09746441888310264
1.584739546965689
6.056760993174233
14.563419199952381
10.92486262183504
14.971655605347344
7.993829497443151
7.6908412234764025
17.853657510714342
30.747918891602744
41.02827714490382
39.34356728210826
66.84678475937497
41.0435058540743
25.286268196686265
13.893074869884522
72.1367759431405
16.91641179641703
21.366606333657224
40.48758688724672
72.91002887885519
36.615695476651645
42.52209521309362
71.07117512522409
23.545686530223698
15.529533207975195
5.5851368145446365
81.89865977129688
141.97760638785454
35.212682209508884
50.521537522683644
154.87849833580083
93.36556386832491
21.95747643660704
23.31327662542818
26.864916636877908
30.989274101743973
3.3229947034492477
17.76810424116142
23.912602017491913
40.68099249860134
23.39661921213726
4.344935936433458
1.9096595513793413
4.867834406915726
11.598152956902094
13.91226860313626
1.7390430899182152
0.3479883754198568
1.2630279775609714
3.6318070509314753
2.71742268250862
0.22302914172635843
0.06954748142554344
0.5288132730348908
0.1725320904654493
0.1742793949183425
1.6064759479785806
2.582920512842352
5.461689639230902
1.2393790211792943
0.007064132059079136
0.5253113804834368
0.15818687552128485
0.001986360142590415
0.562186108660736
0.3208683303472887
0.4295335793075981
0.018422737607898535
0.3028325941862731
0.1655850688410931
0.02840428517430288
0.5094259495204205
0.3608661579762924
0.4761754152048838
0.2055803613601614
0.05755212321050353
0.09054705127229826
0.13079572547396462
0.055721696970354166
0.041954542888605575
0.1926246383442834
0.8242318798243851
0.11687741070772432
Frame Nr. 5
66.83937992820529
881.4658105695601
651.7777486998622
2043.7795524999478
23390.482383423274
61835.887284129516
41020.05347536471
18112.590644546213
190.001210641571
31139.69941915452
72445.69839494076
54638.50540678077
17940.35229678951
727.0927471407645
3259.4821038820464
4596.754794448338
1380.2991405087469
866.865041534299
445.03804523858
35.63941634291226
6.961415941750677
49.32105812696177
105.22271422158741
67.75867772425188
27.401694227422936
18.451651275201947
26.51287285043077
50.33423958465243
51.86248416573157
1.7954288494875523
6.48485021237989
14.700659940908437
18.842912732594016
3.3617274346052897
1.1517791168581568
0.1119656692691846
1.4615776019621294
10.15788944751091
12.847148777487531
5.422929224813719
1.154931184485295
1.754084102506293
6.3456693498298975
2.1615069420101385
7.566532118105748
10.410665503177766
9.555583138295066
9.734151688079397
7.74809555047161
19.219444160346672
31.07521832067008
13.510558540147867
12.32315712428572
42.349585070214104
64.91708861816113
148.16463085923684
68.1714605109407
48.08340374125866
67.16155407092778
207.70779334480517
637.2112926825323
353.2685173353237
37.93535834525626
4.540383946071638
8.702278624968093
37.38199948791572
33.44827136593869
6.149910845414758
16.054387738186502
7.18817905993189
115.63587885760056
24.736763321425506
55.7909052357252
33.83313437181788
87.7596385184019
41.57617128987249
118.51538647035201
186.55511070156788
66.7586180348053
130.370251896986
107.96257443388512
23.945874442465342
129.48961243989532
46.83113083631713
82.65871247817623
16.27734888535617
8.582610583957266
16.542065976936627
15.555703169386293
10.88134338170514
3.785562802256444
6.768787055249398
10.636376470531996
10.065221376851117
6.32549057347727
4.758630596700395
1.6681956273996041
3.983710508158887
8.261615445769818
9.05664098194543
11.901415470309795
11.492190352224908
5.629261088807146
5.052589750445226
7.893681179904855
10.550733940818589
7.349021327944106
2.3655496571064827
0.7974310535252318
1.9493386447735817
3.6141487968185966
2.307445329807216
0.16749278247937538
0.24584064837379443
1.5400475911072795
3.3239605550729783
1.2099498739310037
0.9081367053543135
0.10976563121343809
0.10693054109213002
0.9966091449221831
0.9543594054437633
0.6293922590355661
0.21966422159012153
0.12534723056911573
0.4800942472706549
1.5583633140722224
0.19379962891617675
Frame Nr. 6
49.798769860431484
59.272567434874404
998.0506019731974
1275.154521988749
50225.06285803848
63236.46891963417
1324.271027898108
564.884386446787
69460.61970670376
454206.95601408987
192841.29907897933
3003.0123254503737
1547.7319164961127
67681.57774613964
93785.17335466685
8092.249675698733
71.77665492502956
969.286539854604
4795.870683361476
1519.5795869414433
59.24944106523027
2.636957067175497
147.46366856690568
177.43548541917843
81.35577742677901
22.217521465889398
42.00456042830521
166.68915543092245
136.57926984070937
8.698373682998529
11.282149330861287
35.95989450094813
31.51382851861608
23.08217487505495
0.1292098760886127
5.820904654733494
48.723360807345614
64.0282393447782
18.72609751682873
5.50108749103109
16.98098244838279
13.555072191097384
18.566608381048887
5.8253633347525255
10.043824342823548
100.02469496168096
92.53152833301255
54.07563974291917
24.661814060602754
25.881031639508137
111.84977147785841
129.8402286818885
28.733459650461402
91.03121824408149
356.4732376235286
835.5804953164139
726.8120275796169
18.655350276768424
139.99934433618054
1174.9717997255414
2850.9127076576674
812.2850036116324
666.0077627963639
485.5853883449098
272.6153429261255
195.41275974305415
65.39824944339873
40.60927991544776
49.430472484308446
130.15058169855774
60.85230514113154
51.47156311443297
73.03821385122883
189.4980683661404
286.9033201585307
0.7458769537456815
59.028527213390156
99.21753641142162
727.5550338023365
596.6000725305182
580.293471903583
376.9450321614095
568.7679097396443
1344.3934741075225
201.30947994243547
60.97803106306086
84.6569347455483
183.13396008547596
60.14904829683696
31.287119016648614
30.692192308640983
52.102492955800415
77.70920073215152
4.062797113695709
17.91568156122363
11.27383097805289
50.74426504806469
18.30521538639902
11.888343939389118
17.753764909958875
51.46083905669859
95.99109450278368
13.382556391496923
23.506046841713264
3.847578426792042
41.805501688322515
41.40351954909724
9.170565829504323
12.328624665376974
29.348126978450377
21.733922341947196
1.1631443683803409
8.04361510637366
1.5145500484305165
5.307032737210956
7.456463594147619
1.96866088992234
1.9480797569956185
6.786267308129737
5.718364820418488
1.600130362478588
2.6316828263882948
1.2584566287218137
0.4508773176369151
3.4986978882194673
0.14381929899712864
1.6610545062590167
3.9942583680343633
Frame Nr. 7
5.065345334717725
680.0366866104807
914.1112711036043
3841.0583830307933
58936.314898984776
35697.69926673075
1503.3234425652472
1435.5351124627732
196363.67785292535
419348.57963862026
43116.32177212585
484.07858661431516
32150.59794729152
189344.1949351126
56648.116372769815
740.8726914561723
1418.5048246601634
10937.035856149601
5996.665070277488
294.84558788770323
26.411466798084412
100.21273782899506
138.25370631951492
6.403591746275229
4.017825678623072
198.701732259798
391.9835807184945
64.21631487747726
4.658971614627698
21.26789367550181
121.16953031590516
72.69719522731191
22.447437375184617
14.496792373130738
44.99823371841563
52.378807526838386
21.686170104243914
11.422521495786793
34.06830913100545
51.40507826896665
25.41551135702911
1.3152254495519966
20.268333766318822
60.41637595505325
52.60379779645461
25.43260824174456
41.600480195958546
124.00454187979153
152.37942722460843
76.76264611804008
23.16530347325513
108.66048043003435
172.0120757090507
312.513207894775
59.37390064087761
400.6343595469995
1095.769449051094
1644.644121846378
251.3182078035296
1582.6250448974272
2218.526944196154
3504.045135691315
1528.3707991562
69.85073436814143
191.01675066083885
146.61483020126508
209.59458207700501
48.037803612467876
215.7414223241045
177.90939304774287
173.5231462727417
23.22696102238039
100.1419364515575
208.19491261025505
137.3737631909099
39.84218406956036
107.38751331593213
96.0800273299614
302.03063049516817
495.37999257876464
52.68647854361122
45.317772277200426
77.90554995907947
692.6556645614951
256.5996398840293
28.65437088436912
82.75471102378353
89.05635890784308
77.74326463736838
8.755418426206848
17.37547615349046
18.51597336532033
31.58626644829066
1.0732765479328743
10.06462851896959
11.58795133799863
34.98501792180854
9.954580540904805
6.087729507417156
8.23683296519954
11.454028006866636
22.357311140022563
2.8200746876105507
20.88803026061822
19.37368736953303
10.350089093633937
0.7551532532250306
22.989828249216533
10.180639854176665
21.018353593613515
18.773391611722023
0.6601472422264811
7.444223899514881
5.411333694298571
5.840758504116591
1.6851372020812578
2.8829075038076377
2.044467661372138
2.8970726123010344
0.7413969832144838
1.5777263509342676
5.450581654828396
2.8232203056721303
0.16409902217040692
2.6895554854733925
6.420310051725879
3.548881082396803
1.3124023893161176
Frame Nr. 8
103.02718804820188
210.01570233677043
203.8559906229401
8106.184233007228
54219.29987302924
7686.680438788868
337.210394901165
22351.214554324666
182689.22086369124
30244.37077971561
12570.38186281731
23348.20087138281
132736.6747771269
49091.90226501266
11113.788272457985
360.1019727905509
8791.82490584708
9067.829443191053
1121.334263893116
69.81616713286793
83.91137847583437
7.831797843336423
12.28220050022124
57.40791410709374
222.85899554738867
109.87855183245883
100.67150546081452
16.351663134921168
48.41083057256213
98.81651038301173
55.30536613517873
0.9599606141488153
38.43664853946134
56.99589930326551
57.54616329616145
1.0762022192994967
33.409154932451216
53.28460759152232
14.896451800483469
5.991681013434307
19.949587255424987
5.733857895205376
7.015962009651272
13.301669285117214
85.36915218663803
93.68047097719175
58.92768510614022
30.251682980907077
140.74049577224537
168.78137136044117
168.39214140225425
169.29491129049978
658.1850318480863
723.3500896282472
135.31920515882868
1284.3778193601245
2014.8147058043924
2070.6292778343313
2800.8558061674253
1199.791349460497
310.20987849623333
69.74983506466401
246.08773154212082
14.605337013841805
108.6799997829731
176.46365046602565
256.04614680141503
101.66301076780182
56.64884907526111
47.196590421388095
130.2378475252662
40.66682679479046
317.8696786055476
462.51932010642105
292.8229115175396
212.79263300784524
120.05406240808988
57.06580119759936
90.06430191952093
32.830250571735874
83.4939269527727
87.52789260840149
81.11055098287568
67.19300135240346
22.374030698489875
4.01802813549941
4.0205830538123415
15.916787902498815
6.673066776713096
8.534941669067624
14.255054939126088
12.8262152624328
6.694360752578266
0.7129446746107126
2.1994582587711973
12.04496222571759
3.356165412964349
14.578873476471976
28.3549730029845
17.38042840313
2.875201871058162
7.7190017197763385
11.644377675140701
11.563929865843221
1.580385775073974
4.839893067234853
23.338510298983586
10.392991841799319
0.5653109116342638
3.3543507445179026
5.159203100777531
1.9362857343980207
1.3768722975181409
0.5887171598572857
5.382393276232457
2.0900360891529877
0.3954296322184525
0.5380661868788564
1.821892645466466
0.9304707883358603
0.28807228767061754
0.08178116511922312
1.860750624748994
1.4505010267279361
0.22246135838453457
0.1776107569820966
1.233338967723415
0.39140326218880184
Frame Nr. 9
48.1734695815238
241.1436899751184
1005.7581340116078
8758.349393582896
56159.60814504803
10722.827728962628
1176.8787703300268
36587.494202796064
180387.6219371172
31294.403535102283
43.64381988751964
35350.01103690215
154937.9488175138
24241.557730593828
1006.2987508473489
4145.765233416786
8414.257946877744
1136.3176878646384
124.37881938606957
55.073779071264795
181.26446043049208
23.882511549346603
13.88876679920487
210.78153708210453
546.5382039390875
87.29995442883586
18.019896927186107
28.988569856583027
19.131693285014027
1.8828196677237519
6.588637037408519
50.752443914990344
36.21481431109211
1.7426322004703014
0.21335697096712414
55.27803955431736
43.83688579932822
6.13176529808279
7.237267085876985
57.346596653312034
52.91952851143246
8.417489421304037
6.3623042128892395
90.7488672961409
67.67942276661266
6.01293359688783
22.983223421566777
259.4811065010087
146.04991779390585
103.04884711682742
92.12179597190823
1380.4899329943275
519.1200187683714
63.523620733718495
156.00304405184744
828.1161372265656
78.29903617696658
30.057988201015107
67.02447249793654
227.03505161858007
62.12941320779125
14.672520764831837
2.8206729510046804
41.655040352742816
17.858998167378594
6.501927253847407
2.5079425183799193
42.27783657318942
2.3800860040385907
2.8206619230017496
0.25231668412454356
47.642518650608544
11.199200077519647
5.878182792656364
2.8612987570833326
5.976110273458043
7.363626428080827
2.9036269951922518
5.866902721741767
6.645347812895275
0.35495540129011416
1.153725029217066
0.2978720833549531
2.5497404097850405
0.9986494371327261
0.3414718604157413
0.008188368438443606
1.1142109573181955
0.16987524995061973
0.11430888647199552
0.5641078064076942
1.1535590740960417
1.3732355864876704
0.009850919980239847
1.203358601779807
7.500341567696059
2.6344156611351965
0.8727631824596851
0.8681508657046251
9.383790861490047
17.017421418597024
2.695990386931811
6.109695733291575
52.669555982012454
39.2579851511856
13.471857218910646
4.599728704895922
44.78579623253211
27.95216546727058
8.51272074716322
7.494192400982152
40.849424393231985
31.713423101073285
14.560822704321069
2.2182516275963726
5.157562768087957
2.2396928590889855
0.432478228914733
1.801091098209635
7.234306426234906
2.844194610527218
1.0295037940302463
3.064918682633151
1.506804916071565
0.4365780106160384
0.050339797873852364
0.16755620210647781
1.8563950069023314
Frame Nr. 10
189.52270717321113
612.9610114308508
402.9200195525648
12425.99103693717
51578.86799806962
9102.02697773249
25.410211951929185
66078.40202984156
167353.04876157467
15447.013350879299
1567.7379199390173
105994.87060373358
282464.47825935634
43649.02424428822
26.780035711891664
8628.452894257327
8226.195093440327
202.83170749088885
137.32290534920762
183.2348131449887
148.7324817823103
7.56554829546358
7.869913522640403
505.905371984962
237.12079711528887
2.9338011289407326
30.34148344656847
183.37117706255395
104.20069532379713
10.195619538240965
11.697652840044015
70.15493368266434
24.256583526258225
0.25043768281981743
24.851907344936553
104.96100770155043
48.00421626564234
4.9928204902716775
16.892045352214634
94.37997165736418
11.915751873854234
2.2717795584247193
77.77305887847733
155.6490254335817
33.75139816827284
2.3177994049841812
230.2842554642624
464.01534393327444
97.4053426775628
131.2822282966021
2541.922817729384
2461.6725837067797
218.69427870184796
11.233956167516327
90.6165101290459
108.68900712577808
16.64942618898275
13.788936269031186
86.39998119689108
75.10060128403936
8.877406853030147
0.2490090081072928
9.889834052988888
7.586154927778535
1.5739756122387627
5.849041840190899
58.17100523272457
52.10890083444812
15.149640180743582
2.585082854388207
30.517615181030187
18.59146730445437
1.057077356134283
54.2975777877392
133.02503576684813
42.607679710410515
4.519444956678207
0.5746322078856926
4.3595367706757155
2.569974075127503
0.7300948720930704
2.199482935631803
2.8492912987970103
0.31915025225177795
0.12801672053992952
0.5293476888503493
0.074625543076732
0.2893272787616223
0.3324790091602169
0.13530700192214873
0.08293258861869893
0.27608887216975664
0.017477684320872662
0.25614979137995314
0.6783006487560136
0.12849307998262838
0.45853350514051416
0.7624747234738665
0.8465986444437554
0.0655667894109471
0.9385128917761696
4.0722148838317285
5.528311382267717
1.9103063339376785
1.1206430820877304
7.922816929542686
15.659043177085069
3.058571965407349
14.263253528766162
48.19456302298204
45.5336197668692
5.992454786704875
0.2970138475474152
13.893784492092308
21.93259356029623
4.872723433543401
19.985403058524113
25.43668495818029
8.97055715847987
0.606772743130785
0.19919746719987527
0.5796527491605615
3.0676524630017514
2.9869530383151734
8.864085473560342
8.684751888777786
4.896605160210985
1.3229301324679912
Frame Nr. 11
78.26579216232483
609.7151892688581
1251.6959745739073
14814.436923086605
42902.56416824437
5244.799966502168
850.9105493878155
71391.84029859207
110593.00969797288
1973.901756102946
8370.718266455271
135227.4454938948
141895.451931922
2212.9497284893
4165.416470740519
11998.748252122792
6713.203659205367
596.234585328459
271.72423753848506
589.2615099009887
242.65036044548376
31.579849387959733
163.01334582143906
917.811206921623
85.45624714150546
27.717192612248567
51.795439667585796
92.23289355220997
6.9076036202410815
5.839418785394987
72.68033993980681
79.8288549661473
0.3042638807830764
4.767671233422335
72.04054817803964
16.243380548773047
13.537944324732894
15.482413041059242
157.6513399932566
26.631803757625658
0.5064679392871627
21.354104615616514
111.93816395597997
2.500313778574509
5.215380711320095
186.8880077530063
335.75828261241253
32.1560466364203
146.8028532580055
2321.1179031898305
1275.437201423751
239.43283049607828
20.55636672101744
12.031451513649671
51.54968406885257
3.6391122226006556
21.00219816766254
125.76938929296236
22.969750742134753
9.726930704876603
4.679749556347378
15.936745822429412
0.9138697123313401
0.6253652582309523
12.220808823951819
25.37392567014277
2.001833587704361
1.8374859639397103
5.6148096337048665
16.231901918296987
3.394177077704347
0.9107693214248082
56.15593831677892
113.9407671321906
25.511757587859222
5.516228942993027
5.651063827289683
14.231891110866124
2.9944745432906057
0.4281954766958431
11.858316449770479
0.9603030661644962
3.8162874860324485
1.6779560308378973
0.5205859423117442
0.6464971785676533
0.48700543172280736
0.12543320308233866
0.8115671337618602
0.33727671726520264
0.27984933053697025
0.6102723370127369
0.44526768424325774
0.07820971176844091
0.34703149960563245
0.3749733395524383
0.23119135760308784
0.025556683239436155
0.4787602781517762
0.5193672072555837
0.7243399350591001
0.11231157379939177
0.8781229328596858
1.106760186088992
0.8174577333715474
2.8701496158138804
3.106497438936839
4.5476000832264365
2.2628546718074567
5.7965882217649956
4.4615556864633135
5.0521764172387735
0.6560950756266141
7.490840077095591
9.95303885475028
18.4811619689987
10.937097837238687
4.17073535399355
3.6939427342553666
1.6738424229968158
0.5198366455716209
4.875770031810818
11.563367674353046
6.309504023348641
2.951295124235289
1.1107244348898964
4.237648045830325
4.841467756909807
Frame Nr. 12
3.0539879426228502
608.3240243338446
1292.753221669945
12854.200418969318
31552.117142312185
2797.8121749381994
569.5674944417317
51413.00697411314
77510.1286585352
774.7288284665215
5742.8094505761055
76436.39660322088
149370.17363099617
57206.87365248935
134796.94444562195
354982.20179171674
238103.90525604706
12364.663208544094
4501.760039441468
10750.864297639224
1274.8652439360153
918.938172568181
7228.417664775257
6014.643314170498
152.39997968968322
351.82261036921386
1193.6652061000923
510.2544287452552
52.394371123353196
473.8513789108792
1465.9051141607288
414.17014970616253
11.32601985388513
228.55580807534466
658.2685762023503
21.156452324676586
89.79757417872432
604.4938751375876
587.8661384581455
7.214306139831626
115.82832623564997
372.44337684699644
175.30126839278597
75.763861635608
496.11344044979126
2495.6382664504717
596.0982355252557
570.4639019533032
3658.0760817478426
9736.854429766829
1640.0315215904182
4232.892906342351
3904.981373124863
1916.0735569063404
56.12485117230865
142.78289770426142
522.1910029448735
333.5712802960174
15.955321094288184
137.0087305372076
330.250326205035
98.97218332045381
4.816697982944206
36.11820203499687
70.29972371127471
9.848178220031727
36.674392790806365
107.5693929515468
98.92277913865959
3.8312822908302966
14.87839942379977
55.975221746646966
43.06124220624534
26.60661312701801
174.52027691363867
314.0267359478585
134.01327864366112
105.54563828656492
422.90746062692193
759.5781236666234
283.03974664933014
39.42006741045334
325.7367475297063
304.8163339644258
21.133586738986345
23.712081461534297
37.77018630917672
38.3296376212168
10.464820153459687
26.78820806153795
33.353006373448935
6.677321712069308
2.5899877763411934
4.839328742093417
3.3256730306943303
1.4118336202642765
6.81191430796132
7.27263479086151
4.876874985562872
0.33424818360821734
1.555689891228612
1.789203900028339
1.2546127448911335
1.9665950215867802
3.1976644963698866
5.452049645909494
0.27316093055568813
1.3073253615167182
3.819852712460324
4.143845483512256
0.8052218592673877
1.5606502846249706
5.941291621619538
5.902141967740683
10.976503671482181
12.028044377271632
6.802031448763967
2.452410346810847
5.696603462131872
0.8966510495742851
0.4392841875613856
2.6613381473364215
2.12877150552893
0.376715250838695
1.0003735279412158
6.162264875282046
11.346859805289824
7.6783160616056865
Frame Nr. 13
28.790585570560086
344.68166851702455
947.2115045994279
10046.806803142432
22727.99642092091
847.8235925045761
1064.0020383979563
65463.18743395056
88345.54963942448
4560.20385897395
1581.0652345258154
65716.85321492425
37046.93852492412
705.537620378376
24446.98471510309
617230.0139357087
473270.69390682963
15021.800253678291
13590.929725429538
53704.35567815076
10983.261170735706
372.3165532670617
11495.09773958083
23083.26293942515
1841.295674002592
29.81264899451258
3153.6076796828493
3286.740127275215
191.37655275685646
294.5072835791839
4316.362518248699
1509.8953241029697
72.33314024782203
219.8565703689178
1638.8394828313362
381.0877620359341
6.738148882857482
791.8387360642976
1381.8534587106096
168.03773329454188
22.557872484925202
626.3743629382708
867.8509953653546
55.07215087260623
627.6196983998333
6324.416659370028
3657.194072716869
15.443887713219928
4145.016448297352
27647.866115061097
8702.083319050213
310.0032501249495
968.9896699100573
3282.9798580260385
410.7149818278128
5.461177598269208
243.09651436276653
727.9187002476492
4.121102613878399
14.202746710701566
484.6964665009126
343.9838083143971
23.99653670343413
1.1745965403049559
123.6780192784965
22.133278141329363
4.461344579322996
65.29394649293026
177.75783776609643
88.81867749679519
3.7464903871947977
9.25496853096167
63.0563695944063
0.2387939831061914
32.05830034426174
287.9139480317516
493.3643244649647
91.821487169426
57.737781891964076
396.9843829468924
456.5037173422341
182.92678608739197
266.6320013987842
1433.6698003505167
831.8077950599733
107.79414729302086
7.438576108883832
108.98509849561275
4.743434948043115
19.585103406581247
59.26156098105622
103.37763119449461
16.260655858112315
11.046081651434505
5.500300622246825
3.1653049724481592
3.2730538895802277
5.465162984237476
21.241751407130927
5.8526527563885775
7.3502012431533315
0.4666359336161237
1.4630100626760643
5.185756652377141
1.7974592282187882
5.371283856279099
8.521736459640639
7.347866165223433
0.3468413092090733
1.7123710136816652
10.977176468807176
0.521621402513761
2.9506167062273816
7.8943568440458005
23.263872011277954
3.2509527587500426
4.324820628070762
1.2456082040795147
2.973269025781096
4.49818507449489
6.39418253952193
13.81525858035248
0.7380825085021385
1.949875585697446
1.155504342196064
3.9743101085822277
0.12990591204716406
1.1063506077767529
Frame Nr. 14
3.5646554179073044
679.260621529348
1259.9428092544472
10289.365866853503
18514.49535622297
831.1856300864833
1051.4570973069335
64964.82144616956
63653.872749567556
1250.1815104360157
4672.520737769671
65065.07346527473
30764.24086225711
291.30740655181165
68798.65607934694
507145.64330328733
107480.89653429817
103.63368819175494
49726.09692571263
103312.42825848435
8190.217288686581
1123.851213088854
19165.45656881714
17801.789568709486
293.85770429383496
164.79860026696926
3865.8821469835543
1476.715511090631
35.22974016464072
1265.9361890726714
5670.276785626345
985.2802921003107
20.46961649453887
695.9784510678471
1756.9848959609794
290.24793112546826
85.23502574677224
1496.4152517311227
1282.7946277309845
30.10966774714808
46.56369614237505
857.1948569842341
539.303650440308
106.57096462950278
2210.652346516801
8861.209506745327
1616.9427579913515
75.58722667458765
9631.437641994635
40160.211478301855
10447.45632207698
1066.6810810382765
3525.743247306673
2199.405075092877
53.74985803342489
105.32929311101493
846.7627647639661
765.9759253387989
32.61464581955714
84.32827723791921
481.92164825846714
44.73270027991856
20.476632914733877
60.11467416282071
160.5184586297376
15.860144726341828
5.344384615827796
88.13673373505273
45.05191194971117
6.000023055741012
15.398766192418005
130.0770451375413
46.72285103747622
0.5737676087326609
11.498626077048915
196.01591532823903
18.95774664179008
7.991244401764303
262.4967666046789
617.6353327114438
109.53636220295812
2.986771720581772
568.8256536350032
1353.3475149797202
80.18262591855203
97.65174106540618
469.97670582226687
175.5887531671163
0.9715889271284182
4.8421901449733245
85.89653374027684
15.470844455321329
4.112093628659622
18.917631089157652
40.6852049946604
1.236998831975838
0.05180076588789238
3.6532235245121303
16.281312748372397
0.14322359242041705
0.8831990623610969
14.148684163396561
5.687539430778046
0.03319174429932584
0.2737627237622128
12.422408559125566
1.2735725319825035
1.2525982050639972
6.691494569728754
17.565980440798135
0.29858008231142674
0.12626506683910493
12.973952050426997
24.078413458976566
2.6479157834002263
5.0708881667591
12.49777311494981
6.9534370102762075
0.02452635656597812
2.5510632277255167
4.370906631497107
1.5464526920978687
1.974128067603666
2.3582211365380377
8.769374650636742
0.865415696230361
0.9713379617239637
1.6494812244604076
Frame Nr. 15
4.297203495664616
297.9956196047233
826.9283525342107
9983.717173185645
21488.30408648565
1259.6701350411129
1890.4537647904342
63337.989885760486
53563.787874305
672.8997608665265
5156.687398356304
58282.0823866004
17537.50921479786
756.0591353092501
106694.78661159085
362861.7748657124
30470.978518079894
4953.391898734941
78478.54208850958
83351.44186908223
2459.462940478514
449.7567510898144
15007.387105901786
7117.437908262089
14.552695963014019
693.3077164115655
3250.269517020607
695.6795128176072
33.32579298695534
1490.112088904905
3809.3921888486125
225.54505921735054
52.202114217766926
1282.0524325443428
1225.0475552840733
43.822216153085634
184.60912557928785
1581.3620332084183
823.6002279117373
17.36405408892661
397.3266120857302
933.8123062707801
365.871408214917
49.92138442413572
2980.628460216122
4683.80995198404
252.7594824586928
926.1110971815914
17493.53750033947
15746.260681552583
264.82821723245036
1360.865921371093
9990.791215917397
4481.062764478201
20.056983684402777
298.93468942565823
1044.6470999041287
77.13720643497044
26.337678191212024
298.71312551684343
317.22452508362517
11.605024393578036
7.147169870543223
136.6589452324086
35.78096430161453
6.435044655263062
25.99808253225393
242.32380027310998
73.08494227599626
12.105953215460907
66.75653602059748
94.9648805737359
9.191227839600092
1.4984580631337183
159.89184019040042
130.25520902184888
5.941182189692031
31.493531503841602
352.7721590969952
75.74429415490877
30.886793860716725
318.23192052151717
1488.647518416482
280.58830746531555
91.22123146956297
403.23835570032344
474.25068398094146
21.229992529832174
15.853214266179087
164.48839216684385
76.41075063596888
2.9323873998297634
14.638207727449418
51.94645333323393
9.783466072370278
1.464973668915509
11.604937363685629
20.740616890048948
1.4671437680752928
1.3993943118124834
9.355345803577165
5.215188715487447
1.4031258783866365
1.2643913895655137
14.219308771722922
4.743602904638452
0.20472272116444715
6.535549336969835
11.420890838032298
1.2762269781613913
1.4433051125194123
23.192693683600453
25.574340721676784
0.6105401011246728
2.133221933007219
18.87107588004438
8.346108181110385
5.341562013551902
3.636538729523896
10.496039873630389
4.8006322217278035
0.835877034018981
1.813646365355351
2.7275766428370205
0.33504971347891926
0.07577753373423474
1.078874981666582
1.6096397534568667
Frame Nr. 16
7.103178816442136
742.4669723137695
803.9057314022568
12201.246458501882
19636.583857954192
1352.387605909872
1179.4492183088776
59545.41417335554
50188.65668327959
456.98193054335803
3814.3243953574824
61377.51307787111
24476.25823300357
324.16935360285186
141206.48217668958
377779.6150270223
18700.125834849165
3185.261619548225
35885.08877177912
36903.51829698482
1582.081994104678
922.8725064554413
12191.284854123349
6278.633729784489
110.0889271318363
333.19476954474203
2557.8663241448317
684.1049949743232
82.10200999410159
772.4381698888992
2329.478195381727
256.446221808868
11.915259622708477
699.3451350608577
1185.3484164510799
65.24257456658097
80.09924711469117
1087.0117474356348
634.6121588533558
14.558809419566519
68.6190437257848
776.7507099878896
286.1383359556693
34.35768304451791
828.2297871872679
2191.725758765729
188.40678414096462
195.62812799983868
6957.282703004797
12047.571763172726
249.44007081589183
1753.8508506799712
16604.226422486307
21150.309481001674
2059.721464295497
273.2443606145936
1310.0048369405813
206.36711311776497
36.12137577567786
159.4462692987728
562.8157597949225
70.80751593269329
11.383640854493411
72.46588904003308
67.79117071144319
13.045167648052605
33.52643291793202
238.6778389937502
102.36895298085321
14.793911102575036
17.33691798508045
80.32273012230425
8.287909218068373
14.846804371991912
101.06769236696981
236.46260085802626
34.79764640770768
32.33330871560228
264.4359308739149
259.10944907730044
14.431995851045745
250.4155463632825
1581.0008466039956
463.98389085946366
184.87149772820294
184.54767050081378
387.76271724784385
28.019248867937833
42.7226728926451
162.18251691512552
190.2087193690526
38.739508064024314
9.725443810737877
40.62120670133333
23.2482807089446
4.259036732634509
11.982429716319835
49.44231356056759
19.916483552965083
3.976175104146924
2.7255224284958075
14.843919686251025
1.7891134627456793
1.6488391313299309
14.937051670326934
21.066085067555647
4.830225790895741
0.7533649497253598
8.245822101747336
6.498588888579959
2.411778433502005
21.53804788804276
79.7999644865213
20.186814766379584
1.4258923241772208
2.0531677505543233
5.430014505045733
0.2579309445369623
7.272757860058979
19.397673749328085
10.75941525988297
4.343480343665847
3.0976956442302703
4.96675792037067
0.8120312781067437
0.8597565087355088
2.5800599518828955
4.032683591049501
Frame Nr. 17
3.889357548606454E-5
478.2863118445776
890.5660836573605
9380.092130964797
24473.23874982823
2585.0852309837965
477.4656289142107
41262.92943876519
59165.303405780774
2011.2145867227323
4287.931530040462
87950.68561165326
48408.42055834639
1819.012381459966
195901.46851316062
546390.9566690803
76046.21003607276
161.19498933117583
2881.8225921669305
7332.334937837433
1879.206505660608
227.6498088155629
2022.8247525880338
5333.4228398067335
846.6021516315118
64.32812166013227
476.02549317427054
720.4661268730063
16.056723660853205
59.179785934298394
1196.2808453310936
1055.83427662648
9.09272967049838
44.25039735011915
591.5394971343547
170.14048563313253
4.295440254066056
150.69299894166969
686.930897609034
91.96392797119663
3.15406770701866
137.64788457530392
255.02228467250148
17.320084122464902
21.282080967444806
577.7703062173623
689.4600669112333
103.9978687038258
321.7959455760472
3488.5804057043115
2320.752546262067
147.94802080682052
2011.4276821309809
13760.683014222785
11239.660784815267
666.7610495163733
360.35738185845355
1802.4190193918425
467.895606291605
91.43525488550495
253.94455239106992
709.9021273370846
207.05378739891154
9.791716138061034
67.91833003934558
80.32684413751315
23.59008636996938
33.3766892191025
105.51610952569308
102.38879817538307
17.75221701646855
35.208529004952226
87.82052259769466
61.85434926692875
6.184001883522521
83.5599644473424
195.45159548717334
71.50058722036619
43.4883832338918
226.8646372604042
423.53784629046766
63.040325334733204
167.24314890321224
1119.3602509340903
1530.7516283439527
392.36487632460125
221.7968874816375
413.5830775378673
274.6919939265882
22.446721840342427
26.987248991138895
75.70587506878566
83.79594542075425
9.888916333332164
19.379665486856176
34.711761406228646
21.111755675941165
2.0223520443399843
4.47241897744503
35.565836090542504
2.4268586982635254
3.900893228288275
10.887906168245525
15.486490470328997
3.528926583849165
4.148583913825551
19.679160408832843
7.854081715806035
5.137401667703774
24.191418585616038
24.22724747760856
22.522429952381533
3.4699250400723294
22.27624528101504
15.759316398691434
3.8108649654960365
12.534775163565008
4.4813308397269065
9.678615966017837
1.3390681523033499
0.38563738967197553
3.185476706225015
2.9904647018451236
1.7992941078073517
1.87475122685515
3.0732569747248877
0.5919035522770933
0.5995864355929972
Frame Nr. 18
12.077005533341064
644.3796267201615
551.8270789954754
6245.54534953869
24159.90834622312
2353.8489515511324
158.5939418218926
30671.594981424845
68683.29850306663
4185.741145654546
3029.766045857106
107918.65304153612
95126.9094248857
5779.051305971601
23908.53844132863
127840.51367679717
74572.6577510716
305.46199829110833
79.41941007429423
1510.2698725129462
997.1597709257309
18.124201248752183
199.88559183338575
1672.4333072934423
636.2062584150248
25.616696760533795
74.29532518609246
359.55495323795424
152.6518425735664
35.93317156365654
279.3724537716762
593.4957124995362
83.34331526979501
12.648174566721087
76.2832645694322
149.75886347977982
14.335842615072783
3.619974854408792
111.38041997645188
191.37493458693507
38.72449094157808
2.908330897653875
61.40923386114465
64.48741295079336
8.323159617666393
50.788962062926025
301.4265915255396
214.87617543530075
25.95702009829995
320.7099383576172
405.4356934691349
249.25834688546925
49.97814912132836
283.6619107092647
1875.280052065938
810.5602423165342
518.0051344827906
59.01462753999715
1688.9548931091183
1949.9785565288937
53.50538556568284
532.0275839132406
486.21358048235146
133.72701060363173
31.29366476734566
59.78452241603799
100.5391839119836
20.826422291942958
25.153448331399396
68.55178542893137
71.73153401500832
18.54833326606839
35.69055740934238
31.025571953866567
30.303119843324954
0.9505377594937137
24.795793601698975
93.79948456887722
65.73716286079184
7.667558821561386
105.22736835977722
195.33417760502152
167.23879233748542
68.95988239739806
847.7534960039774
1453.4662102112002
500.10459685839743
160.2364609093009
256.2633478798474
175.99934706518695
134.5321774444362
0.08941550961951893
91.14766534397567
66.95020845240688
29.904574408369236
22.70507962376186
25.176102067340523
19.671770967541416
7.730804101392132
8.877478326633735
21.690096155528344
11.178823170005725
4.853612863832012
12.51120405602466
12.153805160284456
10.716914452509801
0.8854075052945338
22.62861414242718
17.516180143038568
13.557545346570105
4.513575765701308
27.093946584666533
14.818112980615135
5.612552048794955
1.974182245164678
16.399834905497784
11.463069482891813
7.220241656354782
1.9917774531636872
3.7848245440392683
0.33322529505149645
1.8180820719096271
1.0103394348169978
3.960754403226795
3.3522897753428884
1.3879773440072527
0.38664276439096684
0.5505611395013684
Frame Nr. 19
34.17744309019433
443.94369612556363
997.7972271097308
4218.4777129253125
28331.190281307798
4940.429438457496
57.67378880333432
20844.95083405344
104508.69626628447
16261.798804238406
2107.689018580667
113945.65877208702
240218.23250093363
19764.807335942976
5106.326049522154
38149.641024548015
35561.08577926373
2194.388927643658
339.9549910699432
646.1424129480841
718.6513850145311
80.6487608968105
7.993165760146804
306.3812264875896
575.9771007910647
97.07136798639709
138.56917541047648
44.55221394369863
172.9397370323175
33.84618883504143
59.03382002589958
128.375768896832
163.83919106428937
2.217572441670766
1.5383749616253564
21.13856649063718
55.89769946999818
12.05534901593782
8.712795110182642
50.41240057046417
72.58336588224348
39.080943712945356
0.7410413088174481
5.677411754951448
31.249506237925196
3.562768717974559
4.403438540541884
133.00032116774236
357.06078654798705
138.9617429832005
16.041297722355807
74.66115119879451
110.69984633615309
71.48784570020446
79.01996188392539
621.9398758524267
1191.2802347229263
372.84163885020627
71.81699347430181
1681.8978609807884
4021.129314234709
1310.9822137222218
167.65966202672624
187.77280859019695
75.94753440395067
60.65141632560482
2.3845340790416363
92.55583965886535
73.08891905596708
31.81093720337299
11.068032657883593
26.493877534012988
39.600639018858296
39.422333410352884
4.857769985116736
15.552864656604786
14.265462509490856
3.8887483389947834
9.449078703137522
45.47397788284539
79.42751573260813
69.81069142139462
34.19347967256793
189.77208128929138
87.88016381007328
47.57698637057646
108.60343518214987
698.1158420116743
853.4400093574379
440.87506761119187
15.97458663904762
210.4579652186307
54.372329379107875
23.268963069325306
1.8764118811207822
36.6508915525474
67.25131257851561
33.334926643828155
4.409456411095327
30.127524171698614
2.4573420913958346
4.113594259597394
1.3208858761296702
10.73904597515825
23.394669638042274
8.445201648814125
1.6775860578137496
22.96982296111867
5.5164824075146015
6.181687413712986
6.114341669200129
15.09755738503402
22.937397927210302
15.395578795629042
3.223674767396804
13.863591630325958
3.3339039089793845
0.13047276229646407
1.524782024639698
5.615753800488779
5.533044009614737
3.299921214738178
2.05465093856569
2.8245837891738477
0.16840285520810522
0.04500454814558926
0.884911222009384
1.6312177356162745
Frame Nr. 20
23.0753154209974
604.6726539547624
572.5710760190022
3154.8647539974127
29275.85069007598
8287.135592108814
13.04380305690001
13971.082630774297
131555.75734038156
42221.875844660375
129.829822101829
47983.7906138227
252956.8923056555
57163.76540744838
1630.1408860039342
4196.9800115304715
4981.835258723002
6185.336835747384
52.42263061254554
26.242771144396894
35.95273221470068
72.2269360117285
32.71011122830405
4.275405409048063
130.76769299564947
151.20020560673248
52.21654742646223
22.513722063462055
43.12277667318478
52.34234583683021
3.410911307129942
5.0442608898904115
4.5046933208650595
44.974313319040945
17.951665338552257
16.618669467831815
13.795475534740138
31.352470838785912
15.63575305936697
3.131960309101446
2.493055204661145
5.056424010232872
0.028430859840904914
0.8303781739779913
9.201249245985807
19.03992765985484
10.363585778192773
12.261108792489615
77.65366564446919
261.50386539971737
78.25430061756586
0.16034105248263886
20.88699031455641
156.39318963699745
60.00918892117525
0.8717572303862913
69.54409440277104
491.16849788230274
280.51144243796745
78.94954609589628
299.8121695700022
2633.7946403906544
1952.3880054321785
35.06884822535728
4.2430427113603555
85.90069543518463
80.71473619268771
11.13485488902521
1.102364758608413
14.161858999843785
24.60497166449731
1.3876151077805945
1.0552286320301687
18.27178670789441
29.41110279237816
0.632959106117685
0.05980817992908022
4.745428620558193
10.867874529671997
7.021002963211264
6.7661144638965975
25.168688739834074
74.48327619935142
7.325593107032814
12.471571861504424
5.390452915500479
90.85582587128566
43.418956560166336
19.946281167672986
110.40810090891486
486.5258853508656
232.15898057645396
5.392537873556989
15.422618501735833
52.516001302862485
22.460921081708424
5.246913880429139
4.8128343789949595
28.466217552617845
26.304464837966048
0.8606812697574839
1.9968442206667754
4.3578667604991175
0.7014845808310963
0.11973829678211509
4.433843650952907
6.905281680666513
7.252842018823946
0.6127326965903411
1.0028385912555215
7.9229876235310535
17.80641215247672
1.2921717750424127
28.35060826739119
39.79554247046059
18.318352909454955
1.918635026287566
3.8058865256042784
6.007533598765562
2.104586522330116
2.0636058096543697
0.7576155671846633
2.6346372546118864
3.2688382599552863
0.5561782380405517
0.843627671211727
2.23017659648484
1.4873303887631109
Frame Nr. 21
26.436353395534915
489.66014495733026
844.9050582572384
4879.262520750867
32072.078321292873
9269.975611886937
35.57138043922523
9348.420210167218
114768.6834154345
49335.80114656239
604.0345829310569
4711.314243898671
113473.22769261061
46241.22628442316
474.6953174656094
50.84740968337587
5903.428844226313
4907.3579130194685
12.992729547206741
55.50349194792942
48.1041592117995
30.48048701479371
50.70033738394402
37.82969376728507
100.58409849147921
103.66813150388566
30.6632726222811
10.78453156792304
5.782302685143279
65.7113059910909
24.899704005429133
2.367084866418599
6.747580680834427
25.371296204819586
4.010763794832365
0.0057507252982956295
3.027623887315828
8.809579302863112
2.1087089837608337
1.5388894936831718
0.02872518312569693
0.037088249202937115
0.8673495020543034
0.41048712851401903
3.0517970063119866
9.592873015948136
8.715552256460962
0.692228443268281
5.756302340452825
43.175005444167795
40.01777330415352
3.6531796725594923
1.9973878645369185
44.852053226379276
32.57060609144173
0.47604426053925214
0.35468824864148146
25.809519211415093
119.40684901729016
28.612153746909303
21.400875822870645
43.75221384109756
688.7876301143024
297.2098233048323
9.682747823300339
11.588869459998538
19.93398993815947
20.946417639812672
7.560757008346012
2.2171076662355964
11.550783082474197
7.815173350493502
0.8864819786371516
0.10221587418399346
3.3197361759824906
2.659115733257512
0.44541447484798097
0.18428631689963695
7.820693086101283
8.830858590424604
2.1115265311117937
0.7023513219967604
4.659988493990854
5.5980420759974505
0.1724816763105958
0.27802693241239107
21.966480016232513
48.02111991728601
5.71169273386054
0.5190375832962435
26.686297395064102
84.03018162207209
30.1245777136821
0.9447852222427344
4.836783419841447
31.132678035490848
16.579672736813297
4.286867055146366
2.00191625403162
4.440968776505297
3.0280440786317118
1.1167240346125284
0.028917203210882227
4.205445994829551
1.4839679380548945
0.6072191715217866
1.8775905048556312
5.08800490088033
0.5151721415516658
0.0027382943813014137
0.5488557848801294
16.08497187465602
20.741459254197906
6.460491572092724
0.6016563429752473
1.5668923953061509
1.05662896530489
0.9980797830996354
0.33239702114907343
1.2068398391345878
3.178584615290295
1.1621497769099176
0.09494414390147161
0.5505235778150024
0.6157592555617705
0.0906590757280979
0.01715985082692216
0.44777045253912784
Frame Nr. 22
32.33495977553295
515.3198731617471
799.4850240118959
4302.876841372904
28878.775908063268
6578.233466464762
44.43055675723029
10193.268290280914
71557.15795626248
25559.05301407033
124.54372397244461
14339.985278200427
87460.437704949
20406.723107892823
485.366538358376
693.7291043830664
485.21829227385706
749.813032895635
47.46006961276222
193.7877756721897
130.20271754096188
3.98271840390305
34.862964923345444
43.234244855919115
48.962977412280225
54.72367174109445
4.8394074586875995
2.3075198680932765
26.500512934768306
15.597589591516051
0.35516110707278903
0.06947704526223573
1.897606577673298
10.066505493098127
4.887813116713852
1.2420156077714857
1.1718744244728843
0.5296844707808426
1.9974987018870642
0.7811898698537089
1.6872751466150337
0.3869307727888984
0.41123002071687237
0.6008105325787382
0.134126026158491
5.644654292059345
5.9028062977403355
1.3215876324174054
0.4225961448273696
0.2833329689562782
0.14478767000841797
0.8787743097111316
2.086739704441409
11.975156748167281
7.105605134262333
1.7745732338903235
7.8313917202721
0.4719412516738728
8.907314937647975
8.222914915027618
27.222672159916407
46.850238401032016
28.240928650288833
15.45400672859505
13.996160462438981
10.140562206926946
11.843745167568757
4.278851467417153
1.6405275722392916
7.696065927078662
0.9996932596254031
0.29122263609735927
2.4226890294933074
1.8562585024736373
1.3110696958565176
1.3377002671281695
1.1406311974757868
2.1028584405972466
0.7104450293200693
1.3130753180010983
3.1203630935730304
1.1598524077645953
1.3869404917843577
0.42190401040135916
3.0544380570085856
3.3918635238324044
3.1406561549913015
2.0254204444001465
10.263269007726997
9.398433963109522
2.8431845724482363
0.040662564410037835
1.7519410370484312
0.08614992137284336
6.914265503918204
0.195875413686468
0.3451162719125346
0.9190933555546872
1.7289390329493222
0.26281267220248195
0.2547817513488753
0.28828346898337476
0.7131413427901024
1.4761451869488724
0.12694934225914767
1.503741458023072
1.9055977727465716
0.09139619030939267
0.5792311362547845
2.929639048393365
1.4250249138572366
0.539293588486435
0.601629440536987
0.9361273097108718
2.402086023224199
1.2729911400901261
0.5946711745299094
0.866842783892697
0.1701711776878505
0.32139087895977636
0.22758178777961333
0.06300581034493959
0.02825300852289482
0.06273611967015158
0.06768501584324398
0.5460435307876464
0.06598060863186664
0.0972220821198008
Frame Nr. 23
64.0239082368792
604.0640052200599
350.7181167003794
5636.933430730089
24409.951627009457
3708.498936296558
71.92760472363817
3263.2184049588195
13013.354761532195
2858.7733922079337
63.762065291174785
12404.791584886061
39889.52518042407
6183.661769544082
3.584622062643429
141.8851302012941
1.691075088326075
22.327076612760344
13.73825630178187
21.235975766554773
17.84880424865662
10.770455366812834
21.466174117627418
27.570330545819214
9.766216593218155
12.470734289291244
2.4291588662495114
10.122141535157843
2.498415661871155
7.971485949551965
11.741248698798941
4.894198923400369
2.6605005540401927
4.979184356968147
2.989219002200152
1.1640180928046457
0.6981264243831998
4.770253782343447
0.2259808750771551
1.2598742244083103
0.3006967814040254
0.11362382179349165
1.7805057832595446
3.0929260936466516
2.1643783904426264
5.27183294520737
1.618533155304813
2.809549122647911
0.549122203533234
1.031220303444668
0.5504445604569033
3.5416861990580357
1.033663097083441
1.0711600410429876
0.7040642361292004
2.121643098676907
0.26765811119129945
5.058115118585483
8.244629020714449
3.718518824625094
0.20263230804719456
12.232651746418657
30.75802694124109
28.93861764901643
2.6251416134677337
0.0053932239312632505
1.3949194952656168
0.8246111090244465
9.924620118141851
4.661416265009612
0.3009046019329574
1.2295238527765096
0.8106195200520661
0.14604644766038719
0.3416600967322487
0.5594594714730761
1.474024189781395
0.059316329301902344
1.310806212008524
2.021371852823545
3.363992546560537
2.9734975689983023
2.7140462697865164
4.570127429567455
0.14686690724536294
1.5233755021801834
1.4816392688195485
0.6125012092346206
2.4826380862676936
2.4636312868910126
11.369166366540073
4.9431273544916845
10.510317650370535
26.11646651803866
3.410115786476582
0.3967334500584432
2.5069356334940736
4.687059858748068
1.6835421871755503
2.3575197367042895
2.1840421924389943
1.3956163239606352
0.5883944727843566
0.023797017238448077
0.6810777794444924
0.34000581553000553
0.38244816649682767
0.3952597159109555
0.66077688974888
0.2706786260313059
1.746605709744507
0.8835519074750432
0.4372865329816266
1.0693932441474514
0.9509016085839157
0.24948653098469975
0.1058941275073603
0.15904002343302784
0.12390776368580508
0.0882120800414892
0.10161245128284865
0.030933478801907298
0.017832333835145365
0.1208141401534549
0.07451504941369234
0.038991306667108934
0.4129986993984448
0.019231587060008437
Frame Nr. 24
29.652846838269653
617.1265451155348
743.6896063268002
2499.343842188447
10521.602523150954
1088.354859662325
208.55383060453204
30.53256406712544
992.2319315863938
694.4798997751516
632.3976728832713
1689.4736286211894
3735.8436396672237
2213.292323802541
264.88747717393136
434.5237617206189
38.458529341971975
16.684537873517115
33.507185681612185
12.903034906373755
3.5196445288773717
21.110444184303496
10.747257109636754
7.580796946401506
15.67977197514886
0.03128346500023832
0.1019690857569635
0.6774218349491263
0.4222011708447528
3.6948228551948947
2.317035315805207
0.04636897733735481
0.07481389078233802
0.10585233536103472
0.5226828229796607
0.09728990943587708
1.5989804914699932
5.120820972252061
2.906342370017739
8.195932331904828
10.133591598609033
5.69456671785075
0.8254496905531326
1.9164440348499188
2.3331843730503774
10.225582991859625
2.0002221642152755
0.6797299654524741
0.7026292134066963
0.2767512201571216
3.608197233699649
4.165985737789406
0.8919274383973232
0.39448293839283505
1.305084000894476
1.6503145797352539
1.625680212142676
1.7667315821904526
0.7597902179232092
0.0955621980509158
0.23030226731491346
1.9576485384585756
5.574506611868069
5.440298454820521
0.1861706014991436
1.8371383690093896
3.7288426885308317
1.863268168473573
3.6197865430516596
2.9408310840989715
2.0150415467615344
0.16257090623539067
3.426017018253767
3.9750339588904016
3.194470505918715
0.3579300791213121
2.5448921443267514
1.5133844185254766
0.8553183607594164
0.49486872936092735
1.9912382395414836
4.651613434303896
5.318129252578086
4.212214793471765
3.8019283195601252
2.783524414114155
2.1136214931506094
9.081628929294254
17.705968558311827
25.708316963290166
7.445614486277245
0.16387847493232743
15.962004057051592
39.505884602560464
4.61563812859923
11.044016769073934
18.028867455815423
3.5227591897970854
5.602188924280159
6.7700597892065435
1.041627550130714
1.0582217613954519
0.7794602187719796
0.6803878879290525
0.7337896475194207
0.29193939512975686
0.12782938171134106
0.18781357690326678
0.2084010072610516
0.8674088109098135
0.8255629173364332
0.5431917909442301
0.869937428400553
0.27496991812613697
0.4239112153361699
0.5633755231333066
0.004002536181682063
0.038981424356614246
0.11143113190150304
0.27716562985463755
0.1870562222478179
0.16489080848128912
0.44026433515661595
0.045750289602695254
0.49694996355161025
0.16132231708150757
0.5123674319924696
0.694734192638073
Frame Nr. 25
5.778307417657784
200.68341965942747
664.4310459501445
116.89909042278452
894.2494756318159
785.6121018729974
99.92288591990747
116.62973133902017
736.1135499390329
351.69947150725545
71.35707635676665
389.722007043781
978.1156870751643
137.178440792896
188.57208565517715
631.2362534844351
335.6883861976939
78.95977041054391
9.620325137949923
42.31881201812447
39.12756932452015
14.694248736796677
3.2091968589358344
29.443799350982452
25.018384452955424
14.261924852763881
15.186377513451392
7.53341555336076
0.797730550803184
5.329758980971564
5.505610479058752
4.737442514820805
5.226756941740037
2.7618040342764574
1.439963466423643
0.046218780006470436
1.1191089127350635
0.26574975062361605
1.384238873858063
1.4695037454292212
2.7991930931311395
1.0060916120972339
0.114687746558496
1.3776091025847814
3.3878414686512817
0.3136814970181672
2.0308323894280025
0.21359544667658478
2.1792392657572166
2.803085445659858
0.09475809612132823
1.0758850379595408
1.6551977445689972
4.543078331385985
6.357351934305476
2.555374217007592
0.41770166584271773
1.2338034385515737
1.2391070763861984
0.4690481388714768
0.10667463952320894
2.777009500842979
2.7672487538322406
1.5403830376834344
0.46883516134906034
0.21115736351897438
2.415771824827142
5.39114299537121
3.921277987422952
2.13735819075937
0.17337144889231343
0.4901384283310885
1.5757654599742692
0.4927653018459811
0.09075626662117113
0.12274228015995484
1.9201584689773967
0.11601089271317006
7.353003238956892
10.528833511454865
9.291712275548683
12.168479125864087
4.566242741354177
1.8172529353973552
1.3694644544641479
2.3652235798526275
22.398568381558174
44.67283129738348
62.506720214926176
46.06762396518993
24.9843410142809
25.74255298947001
43.27942619113516
8.216863199602443
5.093478242548667
3.0531231862621677
2.644302894204462
1.038681554298482
7.029701461621386
0.31893018083619756
0.8570560074183865
0.5940259653502642
0.5135713424417258
0.07094355239322286
0.8743127731133474
1.0418527120910532
0.01966168347252406
0.7593400881035597
1.4365651782680802
0.2929628290711557
0.41035732572022227
0.34724556256169636
0.48091451519179573
1.0641773046007228
0.7912280956272331
0.0831621197702181
0.4645996857242258
0.23401667755591676
0.04360689895697987
0.6647536400541587
1.0878341359667516
0.1641710868240577
0.07768490032523737
0.06789406016401063
0.4825039994248474
0.14995009658715788
0.08578091893930123
0.1460875918085539
Frame Nr. 26
356.84172281660227
771.8460525150086
396.0334519458779
244.34758130686097
382.4408641206885
27.378718481901117
29.860097349650022
3.0227605099909356
81.48417526091262
9.935083280794768
8.232269771763914
346.94359576664596
1074.8937222554325
150.1712337903352
95.11316372900913
373.891125050174
128.15596751737982
29.537948269422756
30.850156741368455
25.526105638850037
20.834478019484063
42.12145479205981
37.424210155347424
8.377953992825336
3.5411870382293116
3.7655586213902454
8.042120174218866
0.7334553340478629
3.774264069432916
5.797828649866476
7.332493099957874
3.9470432381949525
0.16272092813673258
2.796805960475206
10.105324700101413
5.393679362438156
0.8226302000717055
5.266836837154835
2.8117604635734827
1.9036352282294244
4.10220261273207
3.633172552334757
2.6386202488199917
5.956107330266498
1.879008740752837
2.8839115785059635
3.9478151693641874
0.621684381510004
0.2083470595629581
0.013257257391190484
0.4787874831652842
0.1913947697254634
0.7044954389136722
1.136204252207348
0.08902683777849435
0.1375320656384786
0.43227533159802844
0.6680505440722072
0.39519089618590747
3.159216928006862
5.112444978856772
3.238665570547346
0.986257344490392
0.13590318493222073
0.2459602162580149
1.4084141898058014
0.9441918449910003
0.11751007731359313
0.29835444628435903
0.10225245519914489
0.47679798681133817
0.18147559841439548
0.38922395356354755
1.2216711462533991
2.3845384745492404
2.571576700613386
2.4815523671242747
3.341881811485153
2.230103829489604
5.72095907840798
4.426770058049324
1.408092477509825
2.3433342598636746
0.3508034307945715
0.34701886440008495
1.2233677638335718
9.319900020190275
6.679477624947264
3.3938810530686783
1.2148005449268062
1.6236927062226512
2.417508104638578
1.0423228769158572
0.7172217963207705
0.9781160220413676
1.1368605727111711
1.235192562710696
1.415556892446133
1.072119376130212
0.10457635573917118
0.10689385665090037
0.0851286583156677
0.06684419000073714
0.2348960696953732
0.22685204119006616
0.055576762590765556
0.0036717169144632397
0.14930409598980016
0.12537357379848343
0.17779005203214426
0.14932528533346104
0.44540009450291806
0.2767725363658166
0.024774666760219957
0.030990100532017152
0.13967125153049598
0.20306651333345088
0.16035782919104563
0.135904736857773
0.0840046446163844
0.044467833472634666
0.0022720442883749203
0.012886256362342212
0.012688392281524333
0.015847876778152796
0.026446765272154452
0.17240828904363767
0.11739039119298472
Frame Nr. 27
38.80533315619436
409.92395822889983
868.8152922313453
92.24820066252141
513.7512313987438
164.12056404870017
24.162805206728333
0.38568241757744576
91.17397165321688
41.836170551709486
25.591046360295852
177.18463984502404
1371.5053490988498
463.13934681985336
28.753778530005583
122.242822749276
5.549652303145527
10.202124810781687
5.229494226668585
6.72979817336098
18.050593589421705
33.221614698738364
16.962153287566483
15.33738009545188
11.817347112732612
1.8122004787482082
0.18670915970478955
0.6559467561334943
0.10868048552183765
2.109184348140924
2.819367341745078
0.48410123048890874
2.4916488290798653
1.0423344404422832
0.49339074002530614
0.8709834528400968
0.7243827346149044
0.4013798155437306
1.118480664680067
2.231071805501731
0.5472233871689507
0.24472830106695048
0.7739910606965856
2.9947924577349854
2.4977338563545786
1.1894208769639028
0.4542439568234752
0.08179537595380794
0.049899073070291455
0.23471614121846626
0.12076286448067095
0.15102341893688942
0.47817465219009214
0.06681891179618839
0.20599896853378658
0.41081191704936487
0.17994385613580333
0.05760158594375847
0.013636417254163022
0.16562360428518003
0.27967051642018714
0.28686889483490946
0.10478627882022025
0.006080319042824212
0.08630319492476331
0.4962525369869384
1.5308241078481015
1.258225284994304
0.5543506668807606
0.20543606017332067
0.09423379914022813
0.14369702165969775
0.08609004571463551
0.07903751291389541
0.23948242585144797
0.38414763301964444
0.3535163277833114
0.11111717103297061
0.009776390026661847
0.02537404836338059
0.00271588066588408
0.07168790912241027
0.05302862909571906
0.011711544343497816
0.11348073121653304
0.0572019706411493
0.036104226741258384
0.017746063899946127
0.16099525600743417
0.022408747108395525
0.008510822392541391
0.08932769561813415
0.008901401967062496
0.006962631207684146
0.025814504492869927
0.027724433565283597
0.018350610120116136
0.011964166591420185
0.006917361219419339
0.008382958832359488
0.013540308787420035
0.030195429473690166
0.007931802187768879
0.01761847157816382
3.612855408548306E-5
0.015747919086220565
0.009379782548823599
0.01857792071580431
0.02813640127975142
0.0019482506791627654
0.00653217515924357
0.007634633558949653
0.007232574022660756
0.0026641022836780878
0.007533668381739278
0.005999530935600688
0.004020963782744919
0.004180861288681701
0.010202065635844117
0.004846312391073816
0.003077178925410283
0.00807676905572372
8.629846966490299E-4
2.1902031645130757E-4
4.412067810669068E-4
0.013051265093490494
0.006106286699310258
0.012779340612306947
Frame Nr. 28
55.26950456031292
396.4197492114341
251.73425367438833
123.46878737693382
290.81591331901313
8.67718387496145
39.566683683136816
1.788700390206436
36.75674837458156
17.547057085825966
39.65069797803496
35.57804960689234
286.60998325821936
34.86829094896244
26.162963162993897
26.213766117735084
9.680108975956951
4.487504515954383
1.9102977441872482
13.517040394109184
6.503677405809202
43.100523279860084
1.1268224389282586
2.5156574445406683
1.7627991904566889
1.9869768392446008
2.3782672895197225
3.7421709879816025
1.0119583192152515
2.7207296467324427
0.3986721455731376
2.823878827587561
0.2636651490995815
2.1995844153930824
0.46746145985304505
1.3412716223779297
0.29474391286708224
2.8234368805039267
0.7121352678559594
0.5374069861006765
0.4352808557369742
2.3050029940158088
1.967703165133901
0.4042036966133108
0.05842357390457886
2.25237227003645
0.8870961022230411
0.445504198796255
0.267682417122534
0.03285070489240777
0.17520165111501246
0.8117971948365851
0.4894759085276763
0.3349350905684108
0.0666667704979603
0.07931994302857168
0.25150831530832424
0.041085543864809324
0.025417436761635805
0.2859018939995555
0.8251568969195326
0.12455542343792553
0.12222137166322189
0.6807420388360382
0.7245722460350466
0.28792618028865696
0.3260604087734423
0.1226285163346619
0.38972406394412795
0.0893605591608948
0.016176704213417114
0.018701959571968105
0.01049272923083041
0.2608513038615916
0.2854167917904926
0.5562234093159548
0.14640397724146706
0.060019291406308656
0.1214905916337175
0.05991561130563653
0.014137314433375719
0.04972751621426802
0.05918749431951742
0.03793058199368522
0.014836450126279014
0.006826351213624572
0.08521825123047569
0.37663433370754834
0.2927413292295178
0.07394573735221034
0.0066216903829285495
0.027164759554233246
0.02003191306918765
0.021664123693352164
0.047913906060719866
0.0891189168328632
0.04952896917134198
0.02919654242263835
0.02000554850082884
0.0043377654765741165
0.0011874834054687476
0.003412982090743117
0.03407398926040684
0.003228217360958378
0.03868474109064715
0.030636486400351937
0.050842542991096785
0.057433479106903204
0.024855703085228456
3.319177480154837E-4
0.005815745925267143
0.009786529902211027
0.02354986966154059
0.007632172779519639
0.006244026737889708
0.009043005774264472
1.1733991779154468E-4
0.0014732104644229148
0.009378121184652482
0.010232391098677816
0.007228290134668662
0.018363751913131145
0.014407888993014319
0.006789351058809419
0.012055276404656704
0.007700825269013327
0.02165944010470816
0.029512561292850844
Frame Nr. 29
80.23284510906974
515.4820040668607
776.7663640363616
139.66096960877644
196.54238882704743
18.97116412365367
51.43174081611031
61.75729454981301
28.327873210843233
1.9920125198405556
1.9998695904423467
47.843372306068744
280.88664023884314
20.539638866674142
101.12691140258927
132.63358794029793
20.68008484279176
4.914768111292293
13.807946663281925
3.390127123607748
14.049542968723
27.05246596354466
0.9479016091566542
0.9105929353476445
0.6995627222524002
0.15338469019746442
1.3160899177704977
1.9222224449412761
2.8593772373846065
0.3845526945924699
0.28441120178079116
4.754477866545836
0.8386639162798242
8.275064585397121E-5
1.928831299112867
2.390499270876169
0.368440835270115
0.29442927160659005
0.27541419653859417
0.44630890418249314
1.6876873231769205
0.3103467780374061
0.2998984665932783
2.1211382274034967
0.15052833190913306
0.8981540801533117
0.3877682034067008
1.0031266306067912
0.1703363798059144
0.428241842127734
0.3210948576885325
0.37999948769973857
0.1255790401284336
0.17488129405269626
0.508505779412653
0.26346013665593254
0.009846336981985622
0.139856485161033
0.1475711867598058
0.2936512788043182
0.22746600267911288
0.30870391638412
0.8075646533885799
0.11959457112979457
0.9108722201302497
0.23726906745486884
0.6145654415583579
0.2018076056460247
1.0100408449114335
0.443088339042981
0.1855139694743136
0.014484978478552294
0.023473967531339065
0.0030288035761881407
0.09072603420541087
0.012045202315333809
0.10508847508690633
0.023839488705416197
0.2554128541296842
0.12744318328618764
0.0260775261266479
0.011013314534126767
0.057813045323031595
0.12557187332033498
0.024673678440164694
0.0071119432053916055
0.005413726938182399
0.027618720750206646
0.0773424721056567
0.005388400959365705
0.0029092557399549423
0.04745348475942072
0.09496089066312698
3.554735684292693E-4
0.006597495302633324
0.0024954292525365455
0.012987011828207618
0.06707963074223323
0.0031919817413007907
0.0015883330236526215
0.0028612713823543984
0.01571817036393118
0.010566025070429556
0.007372273730269931
0.023036896199810045
0.0011869195724199292
0.013466393656401392
0.002878771255212384
0.01871877171543712
0.023218737087520824
0.02883758555037883
0.009186086334685852
0.002482973331535675
0.011711667998310712
0.003067416849555059
0.006195718434796068
0.005727978422686467
0.004155741873923016
0.001952306353245563
0.005487948227256774
8.762038174898077E-4
0.0015336776901620542
0.002844344612528152
0.011917028407741502
0.02038563789033188
0.0037933513209096516
3.412691225411112E-4
0.011127174174025896
Frame Nr. 30
3.4488873944071523
385.54660051646005
573.6462874887305
104.52284713107508
340.313014117964
389.3643107661247
82.83097079022076
24.547898253127983
47.78744836967369
14.43638507785651
52.640291008862235
77.2691767148011
209.0612098714106
57.83876265555858
36.09389599852594
98.7816929978182
49.3687973910551
16.158998913631578
38.87225569928864
10.008861990462353
34.717966020962294
50.700761639673274
6.6119987209631415
5.665779378166976
0.5218003911731195
3.4066514395191003
4.617025318443114
14.30338501810682
4.384459581614728
1.218007142004029
0.16608105768904471
6.534446674858531
0.585504095531869
4.445063881316731
0.2007020790581996
0.3407690815136248
4.538737448393987
2.2943597151913844
3.37133920492608
0.6763720673145573
0.470277057902709
0.410139550228684
0.4916457099798187
0.779007223140842
1.1111579558686102
0.018401743431981112
0.3826857259463041
0.10998835394481862
0.19588422826298565
0.38625798303338504
0.38150632222329495
0.18061576610846972
0.49012817521362134
0.6606567442046122
0.09056898200359932
0.01589436556425433
0.07251253712301763
0.41125863076275654
0.08112437789078217
0.03147408117447495
0.2678877870035242
1.142501920619101
0.004770091827956742
0.014757677837579466
0.40968737328102944
0.011185289227315397
0.371774745480199
0.19650844970708486
0.17909118610483676
0.6382585242983755
0.11851155409045529
0.04012116630457673
0.24830710865259692
0.30459202408528185
0.0043769023209969645
0.2145841575334174
0.03157059780740603
0.26684615939933704
0.16958220172068655
0.03511941249793153
0.01749591364578177
0.09202673264270403
0.038310701732357205
0.2536266241357297
0.0040954453000820925
0.013984064454644006
0.06846409343010386
0.056932381637820315
0.14421408066982355
0.03618224849225096
0.04008495817952997
0.04012848939711351
0.2453315859118533
9.369038545199552E-5
0.009624802553732239
0.005603432608736447
0.02099760031975034
0.04254266664050564
0.06579601420044771
0.008958593266141878
0.008625809446085644
0.03885962408442832
0.004519208428853656
0.005257593219024795
0.02455911896959078
0.001757938308631437
0.0021435288318785305
0.051547727949651616
0.006120315116536845
0.007381189836440907
0.016600126468973932
0.029858033395813714
0.018880647989771564
0.0011522456281849024
0.004674440483612833
0.0017949980699298288
0.009770563170824791
0.042184121389730024
0.02495801559576855
0.014026470876806536
0.006717038988654134
0.004929409626179363
8.275861230235613E-4
0.0022241992569391046
0.0037954693323208697
0.006082783375750592
0.007038723433031555
0.003009722362449214
Frame Nr. 31
0.11015648944619805
278.48503810372983
253.00319842070937
1.6351080053683065
154.22294265780624
52.20125656443042
167.8888467375709
363.6375138522018
348.3766577787319
365.7999701998232
518.1480131470482
514.2274584371914
518.0775400704715
1082.9225655179393
1532.3561699128302
1431.2373636132936
1539.6952770199055
1240.639248100686
453.4400778346578
87.84355401573369
87.16491597998989
92.47357088835022
44.013358468476355
107.50595001443794
209.3076095196133
239.59877603319637
174.42699709310443
104.06055619989044
145.76226745833054
251.68786656577782
345.27814885422634
319.2487196900682
124.95918169581157
24.78357171406763
31.66534282367501
44.38764122173823
30.449795648273714
18.140494282519647
36.19590924935045
57.95615294089863
63.886835809376564
51.14517405531081
30.93778930015968
8.429893326418114
0.5088362581971875
8.52839055106504
11.221030017838064
10.651725901117352
6.470119559932387
1.6247594956327371
2.3325467902322305
15.17091239257731
17.133167860442903
4.091489779678109
8.962152280239849
14.949871843666173
18.48021053687577
12.354929233671815
2.0095995232664623
0.24553522058895055
3.253684288912213
6.804827167658971
5.6169586812901695
4.26094072559252
1.260335008893536
3.0882274544046204
4.9022864079634445
6.91037612897752
3.1620724137603187
0.45495606663129495
0.6692231085710846
2.499559788233219
14.954735056412101
31.346077038308863
28.665895829771006
9.44400152578289
3.93890105012749
12.145874335122453
10.869233165785325
1.5715114129399042
1.6979682180314415
13.941521130390228
28.046702088317733
20.759858540939184
8.627113220073474
2.5831288995426025
1.972902476070133
5.2399297714334825
4.759122928350673
1.3801434182118149
0.5792516170387361
2.356557190446024
2.9585282805871884
1.440802699962091
0.08139847195694111
0.946949022767047
3.3758494999230075
4.620291524711757
3.843742117183374
1.3861630066281687
0.14894332181522474
0.1365758384837739
0.4762025457192626
0.6708394149079754
0.343308976153706
0.28545763554604353
0.31036933518712556
0.7615301883533878
0.7290026045532656
0.49088062815145106
0.05205397817454255
0.05534381804908639
0.7504387857539628
1.203799975411866
0.8490042831696288
0.32542996338834035
0.14149304647990313
0.11433138698637792
0.14158711557852077
0.07634363474795092
0.06058105675515858
0.033415548457228314
0.02112171732766139
0.11943813520147499
0.1658834912673645
0.049657850234514564
0.028350185151588762
0.029701683605491764
Frame Nr. 32
52.25500348316673
454.9455062026275
801.6228542814287
51.69202289358301
184.30568438582392
72.34374502641091
21.57228789770139
36.65886611891159
24.82561389050259
105.777122795611
12.690437483302576
60.51790205063337
277.7063728562119
157.08850637666993
1385.5872878188252
341.9859334879455
570.7318395087326
357.60984546338983
83.04258298635256
336.057946622117
108.30554202901251
85.44011987360632
63.33732169134554
46.847320793284496
37.08473876242578
84.69753245605949
18.405317168009603
73.26743065434663
58.337502633237804
0.1021167408242892
16.49899213214796
6.341630373551875
5.09396898816066
25.55708093804892
19.883635716912544
18.74817256977828
9.000864727622037
5.7520195435509445
4.025360368071471
5.0466908492852545
1.1594143293377595
1.0111734147765703
3.1072419922193935
0.6110628746629707
3.373912702476141
3.6651764543199876
0.7232539808126086
0.7322688010521705
1.281609449047299
4.715752470824706
8.413712508829864
0.3420870522013337
5.2283770218872965
3.892356042835183
0.6521428404774289
1.916368015293943
0.7725724155671357
0.5193630106621543
0.820981119685481
1.2636534026475277
0.37703452597574233
2.772711044750855
1.7821061272993928
3.34713799645923
3.4340072057754383
0.5204058631221152
0.7951803998769921
1.024480858735414
0.8688105369007886
0.4423645962527269
0.6663857881689422
0.3914443186726104
1.7324145170163425
0.0029977165191777022
9.675606648851982
14.817005324931706
0.8358712613335446
1.3126132569042774
1.3932106064373564
0.011580509035684448
0.8983545785250966
1.5018031880984488
0.10292856228797169
2.7180239225318905
0.2780538736187738
0.021645073678205645
1.5873527636833453
0.258209166207258
1.0379207395731511
0.6703488018713452
0.011377379976710194
0.22499383937022135
0.10034576392490527
0.0183799852057702
0.2036071359751008
0.1103042933930933
0.16637131459847695
0.22438279591386173
0.2764315548758506
0.15363640378028182
0.5991264206551633
0.38168126849674777
0.05573790961127839
0.2801724368606772
0.12783922499708325
0.047856304379429074
0.03442532242043173
0.1669143083951257
0.10300427959303422
0.02549282709811124
0.004417579372491347
0.12655746559457648
0.09277154681500137
0.166130738442149
0.11302618993799969
0.06752863405734744
0.04971808496614026
0.0930885653943369
0.02347552443043763
0.02099706980083976
0.007316414151356167
0.05258702008875851
0.02722052169610379
0.2770595680261143
0.09234044410368047
0.030367985022620652
0.021602168524710447
0.10449559355506559
