Abtastwerte in 16ms ueberlappende Bloecke der Laenge 32ms
Frame Nr. 0
59.0
49.0
32.0
17.0
22.0
30.0
41.0
74.0
61.0
49.0
71.0
99.0
106.0
80.0
74.0
106.0
141.0
134.0
102.0
129.0
182.0
170.0
139.0
160.0
148.0
103.0
140.0
165.0
134.0
79.0
84.0
102.0
88.0
56.0
68.0
106.0
85.0
62.0
69.0
75.0
56.0
53.0
89.0
115.0
111.0
80.0
71.0
102.0
102.0
46.0
46.0
77.0
82.0
55.0
58.0
74.0
53.0
-9.0
-23.0
1.0
-8.0
-34.0
-39.0
-38.0
-31.0
-10.0
-5.0
-10.0
3.0
4.0
9.0
4.0
-37.0
-60.0
-35.0
-19.0
-34.0
-35.0
-4.0
6.0
-7.0
-28.0
-29.0
-18.0
-19.0
-45.0
-52.0
-23.0
-36.0
-74.0
-32.0
-6.0
-17.0
-33.0
-52.0
-72.0
-108.0
-91.0
-104.0
-196.0
-170.0
-107.0
-94.0
-77.0
-69.0
-38.0
-12.0
-61.0
-122.0
-100.0
-74.0
-106.0
-86.0
-57.0
-45.0
-43.0
-29.0
-19.0
-46.0
-91.0
-76.0
-67.0
-91.0
-126.0
-105.0
-57.0
-74.0
-114.0
-114.0
-90.0
-82.0
-97.0
-99.0
-61.0
-34.0
-38.0
-13.0
13.0
-19.0
-44.0
-10.0
12.0
8.0
39.0
50.0
33.0
58.0
53.0
3.0
6.0
12.0
14.0
42.0
12.0
-3.0
57.0
45.0
3.0
26.0
48.0
42.0
64.0
68.0
36.0
64.0
64.0
31.0
73.0
125.0
82.0
26.0
86.0
97.0
79.0
81.0
103.0
111.0
134.0
140.0
104.0
138.0
193.0
170.0
153.0
189.0
190.0
165.0
158.0
148.0
130.0
117.0
106.0
107.0
118.0
60.0
-54.0
-88.0
-53.0
-38.0
5.0
112.0
169.0
185.0
249.0
271.0
194.0
197.0
217.0
186.0
169.0
129.0
98.0
143.0
152.0
52.0
47.0
66.0
46.0
43.0
16.0
-27.0
17.0
36.0
-18.0
-45.0
-26.0
-15.0
0.0
-11.0
-20.0
-25.0
-30.0
-50.0
-56.0
-91.0
-104.0
-123.0
-137.0
-123.0
-118.0
-110.0
-121.0
-119.0
-105.0
-104.0
-105.0
-107.0
-92.0
-83.0
-83.0
-55.0
-70.0
-142.0
-157.0
-136.0
-127.0

Frame Nr. 1
-114.0
-90.0
-82.0
-97.0
-99.0
-61.0
-34.0
-38.0
-13.0
13.0
-19.0
-44.0
-10.0
12.0
8.0
39.0
50.0
33.0
58.0
53.0
3.0
6.0
12.0
14.0
42.0
12.0
-3.0
57.0
45.0
3.0
26.0
48.0
42.0
64.0
68.0
36.0
64.0
64.0
31.0
73.0
125.0
82.0
26.0
86.0
97.0
79.0
81.0
103.0
111.0
134.0
140.0
104.0
138.0
193.0
170.0
153.0
189.0
190.0
165.0
158.0
148.0
130.0
117.0
106.0
107.0
118.0
60.0
-54.0
-88.0
-53.0
-38.0
5.0
112.0
169.0
185.0
249.0
271.0
194.0
197.0
217.0
186.0
169.0
129.0
98.0
143.0
152.0
52.0
47.0
66.0
46.0
43.0
16.0
-27.0
17.0
36.0
-18.0
-45.0
-26.0
-15.0
0.0
-11.0
-20.0
-25.0
-30.0
-50.0
-56.0
-91.0
-104.0
-123.0
-137.0
-123.0
-118.0
-110.0
-121.0
-119.0
-105.0
-104.0
-105.0
-107.0
-92.0
-83.0
-83.0
-55.0
-70.0
-142.0
-157.0
-136.0
-127.0
-163.0
-169.0
-166.0
-181.0
-210.0
-174.0
-151.0
-174.0
-214.0
-180.0
-130.0
-113.0
-168.0
-180.0
-129.0
-122.0
-127.0
-80.0
-62.0
-87.0
-73.0
-35.0
-65.0
-132.0
-133.0
-121.0
-140.0
-104.0
-65.0
-136.0
-167.0
-81.0
-91.0
-151.0
-166.0
-139.0
-76.0
-53.0
-85.0
-81.0
-46.0
-9.0
-25.0
-49.0
-8.0
25.0
25.0
35.0
-3.0
15.0
56.0
81.0
83.0
78.0
61.0
43.0
92.0
74.0
61.0
87.0
69.0
62.0
82.0
117.0
120.0
140.0
135.0
140.0
174.0
146.0
94.0
83.0
103.0
74.0
109.0
107.0
51.0
87.0
131.0
93.0
87.0
147.0
155.0
96.0
77.0
95.0
92.0
59.0
71.0
107.0
145.0
160.0
110.0
47.0
80.0
63.0
28.0
8.0
10.0
72.0
94.0
28.0
89.0
151.0
85.0
53.0
84.0
71.0
52.0
48.0
64.0
43.0
64.0
92.0
105.0
82.0
75.0
106.0
80.0
79.0
48.0
-74.0
-94.0
-39.0
-100.0
-180.0
-117.0
-57.0

Frame Nr. 2
-163.0
-169.0
-166.0
-181.0
-210.0
-174.0
-151.0
-174.0
-214.0
-180.0
-130.0
-113.0
-168.0
-180.0
-129.0
-122.0
-127.0
-80.0
-62.0
-87.0
-73.0
-35.0
-65.0
-132.0
-133.0
-121.0
-140.0
-104.0
-65.0
-136.0
-167.0
-81.0
-91.0
-151.0
-166.0
-139.0
-76.0
-53.0
-85.0
-81.0
-46.0
-9.0
-25.0
-49.0
-8.0
25.0
25.0
35.0
-3.0
15.0
56.0
81.0
83.0
78.0
61.0
43.0
92.0
74.0
61.0
87.0
69.0
62.0
82.0
117.0
120.0
140.0
135.0
140.0
174.0
146.0
94.0
83.0
103.0
74.0
109.0
107.0
51.0
87.0
131.0
93.0
87.0
147.0
155.0
96.0
77.0
95.0
92.0
59.0
71.0
107.0
145.0
160.0
110.0
47.0
80.0
63.0
28.0
8.0
10.0
72.0
94.0
28.0
89.0
151.0
85.0
53.0
84.0
71.0
52.0
48.0
64.0
43.0
64.0
92.0
105.0
82.0
75.0
106.0
80.0
79.0
48.0
-74.0
-94.0
-39.0
-100.0
-180.0
-117.0
-57.0
-53.0
-40.0
-6.0
-3.0
24.0
50.0
14.0
-48.0
-55.0
-50.0
-95.0
-137.0
-129.0
-121.0
-84.0
-54.0
-45.0
5.0
60.0
12.0
-10.0
33.0
-6.0
-73.0
-122.0
-165.0
-117.0
-77.0
-176.0
-155.0
-49.0
-49.0
-105.0
-109.0
-70.0
-99.0
-108.0
-146.0
-162.0
-108.0
-71.0
-118.0
-140.0
-70.0
-31.0
-90.0
-100.0
-99.0
-60.0
-54.0
-65.0
-71.0
-36.0
42.0
63.0
6.0
3.0
21.0
35.0
-1.0
-69.0
-53.0
14.0
-20.0
-105.0
-53.0
-51.0
-104.0
-75.0
-22.0
18.0
-8.0
-82.0
-55.0
47.0
44.0
15.0
-33.0
-64.0
56.0
71.0
-68.0
-111.0
-18.0
16.0
-55.0
-124.0
-94.0
52.0
76.0
3.0
12.0
23.0
20.0
2.0
-54.0
-45.0
25.0
27.0
-31.0
55.0
162.0
57.0
-14.0
137.0
214.0
75.0
-9.0
71.0
67.0
3.0
40.0
94.0
45.0
55.0
153.0
129.0
62.0
99.0
161.0
161.0
134.0
87.0
118.0
108.0
117.0
111.0
70.0

Frame Nr. 3
-53.0
-40.0
-6.0
-3.0
24.0
50.0
14.0
-48.0
-55.0
-50.0
-95.0
-137.0
-129.0
-121.0
-84.0
-54.0
-45.0
5.0
60.0
12.0
-10.0
33.0
-6.0
-73.0
-122.0
-165.0
-117.0
-77.0
-176.0
-155.0
-49.0
-49.0
-105.0
-109.0
-70.0
-99.0
-108.0
-146.0
-162.0
-108.0
-71.0
-118.0
-140.0
-70.0
-31.0
-90.0
-100.0
-99.0
-60.0
-54.0
-65.0
-71.0
-36.0
42.0
63.0
6.0
3.0
21.0
35.0
-1.0
-69.0
-53.0
14.0
-20.0
-105.0
-53.0
-51.0
-104.0
-75.0
-22.0
18.0
-8.0
-82.0
-55.0
47.0
44.0
15.0
-33.0
-64.0
56.0
71.0
-68.0
-111.0
-18.0
16.0
-55.0
-124.0
-94.0
52.0
76.0
3.0
12.0
23.0
20.0
2.0
-54.0
-45.0
25.0
27.0
-31.0
55.0
162.0
57.0
-14.0
137.0
214.0
75.0
-9.0
71.0
67.0
3.0
40.0
94.0
45.0
55.0
153.0
129.0
62.0
99.0
161.0
161.0
134.0
87.0
118.0
108.0
117.0
111.0
70.0
28.0
44.0
2.0
-153.0
-200.0
-154.0
-125.0
-101.0
-44.0
38.0
167.0
144.0
153.0
232.0
206.0
209.0
270.0
264.0
244.0
229.0
225.0
223.0
212.0
126.0
79.0
102.0
49.0
-24.0
-24.0
21.0
39.0
-3.0
27.0
84.0
40.0
-75.0
47.0
196.0
42.0
-47.0
55.0
48.0
-27.0
-38.0
19.0
63.0
-31.0
-111.0
-37.0
106.0
-20.0
-197.0
-125.0
-2.0
-66.0
-130.0
-115.0
-69.0
-108.0
-69.0
-109.0
-125.0
-116.0
-70.0
-14.0
-112.0
-234.0
-93.0
-151.0
-318.0
-254.0
-137.0
-136.0
-131.0
-131.0
-133.0
-129.0
-156.0
-252.0
-115.0
-115.0
-198.0
-107.0
-46.0
-115.0
-117.0
-37.0
-80.0
-193.0
-125.0
-143.0
-170.0
-130.0
-96.0
-121.0
-260.0
-111.0
20.0
-212.0
-263.0
-75.0
67.0
7.0
-160.0
34.0
285.0
110.0
-163.0
-17.0
150.0
-2.0
-100.0
-82.0
-35.0
59.0
87.0
-36.0
-77.0
103.0
244.0
154.0
280.0
376.0
12.0
171.0
437.0
23.0
-258.0

Frame Nr. 4
28.0
44.0
2.0
-153.0
-200.0
-154.0
-125.0
-101.0
-44.0
38.0
167.0
144.0
153.0
232.0
206.0
209.0
270.0
264.0
244.0
229.0
225.0
223.0
212.0
126.0
79.0
102.0
49.0
-24.0
-24.0
21.0
39.0
-3.0
27.0
84.0
40.0
-75.0
47.0
196.0
42.0
-47.0
55.0
48.0
-27.0
-38.0
19.0
63.0
-31.0
-111.0
-37.0
106.0
-20.0
-197.0
-125.0
-2.0
-66.0
-130.0
-115.0
-69.0
-108.0
-69.0
-109.0
-125.0
-116.0
-70.0
-14.0
-112.0
-234.0
-93.0
-151.0
-318.0
-254.0
-137.0
-136.0
-131.0
-131.0
-133.0
-129.0
-156.0
-252.0
-115.0
-115.0
-198.0
-107.0
-46.0
-115.0
-117.0
-37.0
-80.0
-193.0
-125.0
-143.0
-170.0
-130.0
-96.0
-121.0
-260.0
-111.0
20.0
-212.0
-263.0
-75.0
67.0
7.0
-160.0
34.0
285.0
110.0
-163.0
-17.0
150.0
-2.0
-100.0
-82.0
-35.0
59.0
87.0
-36.0
-77.0
103.0
244.0
154.0
280.0
376.0
12.0
171.0
437.0
23.0
-258.0
69.0
149.0
-123.0
-71.0
102.0
60.0
13.0
76.0
146.0
121.0
103.0
262.0
293.0
184.0
313.0
388.0
205.0
211.0
373.0
262.0
171.0
204.0
94.0
76.0
169.0
71.0
6.0
81.0
164.0
166.0
78.0
126.0
138.0
156.0
86.0
35.0
138.0
144.0
-8.0
20.0
151.0
154.0
109.0
21.0
22.0
176.0
114.0
-25.0
67.0
45.0
23.0
144.0
-8.0
-172.0
80.0
176.0
-198.0
-185.0
118.0
-30.0
-301.0
-121.0
-24.0
-239.0
-236.0
-83.0
-184.0
-277.0
-118.0
-75.0
-218.0
-167.0
-14.0
-102.0
-244.0
-106.0
-21.0
-201.0
-290.0
-126.0
-121.0
-280.0
-186.0
-86.0
-207.0
-196.0
-65.0
-152.0
-144.0
-35.0
-150.0
-188.0
-10.0
1.0
-118.0
-30.0
84.0
32.0
44.0
152.0
135.0
135.0
219.0
218.0
231.0
315.0
290.0
212.0
251.0
249.0
175.0
129.0
139.0
118.0
48.0
-63.0
-132.0
-143.0
-179.0
-314.0
-413.0
-474.0
-569.0
-745.0
-897.0
-1060.0
-1251.0
-1363.0

Frame Nr. 5
69.0
149.0
-123.0
-71.0
102.0
60.0
13.0
76.0
146.0
121.0
103.0
262.0
293.0
184.0
313.0
388.0
205.0
211.0
373.0
262.0
171.0
204.0
94.0
76.0
169.0
71.0
6.0
81.0
164.0
166.0
78.0
126.0
138.0
156.0
86.0
35.0
138.0
144.0
-8.0
20.0
151.0
154.0
109.0
21.0
22.0
176.0
114.0
-25.0
67.0
45.0
23.0
144.0
-8.0
-172.0
80.0
176.0
-198.0
-185.0
118.0
-30.0
-301.0
-121.0
-24.0
-239.0
-236.0
-83.0
-184.0
-277.0
-118.0
-75.0
-218.0
-167.0
-14.0
-102.0
-244.0
-106.0
-21.0
-201.0
-290.0
-126.0
-121.0
-280.0
-186.0
-86.0
-207.0
-196.0
-65.0
-152.0
-144.0
-35.0
-150.0
-188.0
-10.0
1.0
-118.0
-30.0
84.0
32.0
44.0
152.0
135.0
135.0
219.0
218.0
231.0
315.0
290.0
212.0
251.0
249.0
175.0
129.0
139.0
118.0
48.0
-63.0
-132.0
-143.0
-179.0
-314.0
-413.0
-474.0
-569.0
-745.0
-897.0
-1060.0
-1251.0
-1363.0
-1440.0
-1605.0
-1661.0
-1624.0
-1672.0
-1728.0
-1515.0
-1278.0
-1157.0
-719.0
39.0
666.0
1048.0
1431.0
2222.0
2594.0
2681.0
2764.0
2846.0
2749.0
2365.0
1890.0
1366.0
953.0
628.0
135.0
-421.0
-425.0
-418.0
-597.0
-580.0
-267.0
-28.0
112.0
307.0
496.0
675.0
761.0
611.0
533.0
467.0
204.0
-250.0
-569.0
-816.0
-1130.0
-1564.0
-1925.0
-2120.0
-2373.0
-2776.0
-3008.0
-3070.0
-3141.0
-3261.0
-3211.0
-2931.0
-1562.0
113.0
-346.0
469.0
2908.0
3312.0
3415.0
3895.0
4443.0
4521.0
4433.0
3711.0
2613.0
2468.0
1829.0
10.0
-916.0
-1143.0
-1842.0
-2592.0
-2746.0
-2547.0
-2256.0
-1633.0
-1370.0
-959.0
416.0
1131.0
1214.0
1979.0
2723.0
2742.0
2517.0
2503.0
2163.0
1805.0
1204.0
287.0
-217.0
-635.0
-1429.0
-2059.0
-2082.0
-2129.0
-2402.0
-2364.0
-2210.0
-2022.0
-2032.0
-2070.0
-1995.0
-1981.0
-2145.0
-2397.0
-2449.0
-1621.0
-169.0
-254.0
-674.0
1737.0
2818.0
2666.0
3326.0
3943.0
4459.0
4558.0
3950.0
2856.0
2593.0
2239.0
414.0

Frame Nr. 6
-1440.0
-1605.0
-1661.0
-1624.0
-1672.0
-1728.0
-1515.0
-1278.0
-1157.0
-719.0
39.0
666.0
1048.0
1431.0
2222.0
2594.0
2681.0
2764.0
2846.0
2749.0
2365.0
1890.0
1366.0
953.0
628.0
135.0
-421.0
-425.0
-418.0
-597.0
-580.0
-267.0
-28.0
112.0
307.0
496.0
675.0
761.0
611.0
533.0
467.0
204.0
-250.0
-569.0
-816.0
-1130.0
-1564.0
-1925.0
-2120.0
-2373.0
-2776.0
-3008.0
-3070.0
-3141.0
-3261.0
-3211.0
-2931.0
-1562.0
113.0
-346.0
469.0
2908.0
3312.0
3415.0
3895.0
4443.0
4521.0
4433.0
3711.0
2613.0
2468.0
1829.0
10.0
-916.0
-1143.0
-1842.0
-2592.0
-2746.0
-2547.0
-2256.0
-1633.0
-1370.0
-959.0
416.0
1131.0
1214.0
1979.0
2723.0
2742.0
2517.0
2503.0
2163.0
1805.0
1204.0
287.0
-217.0
-635.0
-1429.0
-2059.0
-2082.0
-2129.0
-2402.0
-2364.0
-2210.0
-2022.0
-2032.0
-2070.0
-1995.0
-1981.0
-2145.0
-2397.0
-2449.0
-1621.0
-169.0
-254.0
-674.0
1737.0
2818.0
2666.0
3326.0
3943.0
4459.0
4558.0
3950.0
2856.0
2593.0
2239.0
414.0
-844.0
-1083.0
-1774.0
-2584.0
-3042.0
-3088.0
-2688.0
-2188.0
-1957.0
-1533.0
-355.0
346.0
574.0
1581.0
2503.0
2248.0
2393.0
2843.0
2461.0
2009.0
1633.0
873.0
299.0
-164.0
-1072.0
-1711.0
-1753.0
-2195.0
-2578.0
-2416.0
-2272.0
-2266.0
-2098.0
-2064.0
-2026.0
-1860.0
-2032.0
-2508.0
-2586.0
-2617.0
-2193.0
-933.0
-429.0
-816.0
1191.0
2727.0
2628.0
3509.0
4106.0
4509.0
4725.0
4345.0
3246.0
2762.0
2364.0
714.0
-583.0
-1015.0
-1788.0
-2463.0
-2770.0
-2937.0
-2554.0
-2001.0
-1860.0
-1434.0
-353.0
452.0
983.0
1589.0
2222.0
2851.0
3160.0
2864.0
2721.0
2913.0
2268.0
1367.0
922.0
558.0
-196.0
-830.0
-1152.0
-1377.0
-1536.0
-1757.0
-1793.0
-1467.0
-1460.0
-1562.0
-1485.0
-1381.0
-1566.0
-1905.0
-2202.0
-2625.0
-2919.0
-3258.0
-2807.0
-1278.0
-703.0
-1120.0
869.0
2751.0
3158.0
3523.0
4285.0
4859.0
5042.0
4512.0
3405.0
2834.0
2460.0
910.0
-592.0
-1240.0
-1687.0
-2439.0
-3031.0
-3077.0
-2680.0
-2190.0
-2006.0
-1696.0
-567.0
379.0
639.0
1068.0

Frame Nr. 7
-844.0
-1083.0
-1774.0
-2584.0
-3042.0
-3088.0
-2688.0
-2188.0
-1957.0
-1533.0
-355.0
346.0
574.0
1581.0
2503.0
2248.0
2393.0
2843.0
2461.0
2009.0
1633.0
873.0
299.0
-164.0
-1072.0
-1711.0
-1753.0
-2195.0
-2578.0
-2416.0
-2272.0
-2266.0
-2098.0
-2064.0
-2026.0
-1860.0
-2032.0
-2508.0
-2586.0
-2617.0
-2193.0
-933.0
-429.0
-816.0
1191.0
2727.0
2628.0
3509.0
4106.0
4509.0
4725.0
4345.0
3246.0
2762.0
2364.0
714.0
-583.0
-1015.0
-1788.0
-2463.0
-2770.0
-2937.0
-2554.0
-2001.0
-1860.0
-1434.0
-353.0
452.0
983.0
1589.0
2222.0
2851.0
3160.0
2864.0
2721.0
2913.0
2268.0
1367.0
922.0
558.0
-196.0
-830.0
-1152.0
-1377.0
-1536.0
-1757.0
-1793.0
-1467.0
-1460.0
-1562.0
-1485.0
-1381.0
-1566.0
-1905.0
-2202.0
-2625.0
-2919.0
-3258.0
-2807.0
-1278.0
-703.0
-1120.0
869.0
2751.0
3158.0
3523.0
4285.0
4859.0
5042.0
4512.0
3405.0
2834.0
2460.0
910.0
-592.0
-1240.0
-1687.0
-2439.0
-3031.0
-3077.0
-2680.0
-2190.0
-2006.0
-1696.0
-567.0
379.0
639.0
1068.0
2196.0
2704.0
2505.0
2870.0
2885.0
2617.0
2194.0
1529.0
939.0
418.0
-270.0
-1126.0
-1394.0
-1567.0
-1896.0
-2219.0
-2237.0
-1889.0
-1927.0
-2092.0
-1956.0
-1634.0
-1719.0
-1936.0
-2071.0
-2339.0
-2553.0
-2944.0
-3340.0
-2580.0
-746.0
-357.0
-1015.0
1041.0
3084.0
3493.0
3487.0
3850.0
4860.0
5027.0
3857.0
2563.0
2270.0
1802.0
210.0
-1208.0
-1861.0
-2199.0
-2486.0
-3167.0
-3430.0
-2597.0
-1694.0
-1632.0
-1482.0
-358.0
841.0
1213.0
1227.0
1795.0
2622.0
2736.0
2579.0
2540.0
2542.0
2327.0
1605.0
898.0
500.0
37.0
-724.0
-1325.0
-1437.0
-1504.0
-1756.0
-1933.0
-1772.0
-1496.0
-1394.0
-1449.0
-1268.0
-979.0
-991.0
-1259.0
-1384.0
-1496.0
-1905.0
-2459.0
-2815.0
-2880.0
-2271.0
-724.0
-240.0
-726.0
968.0
2854.0
3178.0
3004.0
3518.0
4205.0
4184.0
3600.0
2384.0
1559.0
1322.0
449.0
-1013.0
-1739.0
-1629.0
-1800.0
-2338.0
-2316.0
-1718.0
-1006.0
-636.0
-460.0
-129.0
593.0
1302.0
1392.0
1161.0
1565.0
2391.0
2185.0
1330.0
1534.0
2018.0
1341.0

Frame Nr. 8
2196.0
2704.0
2505.0
2870.0
2885.0
2617.0
2194.0
1529.0
939.0
418.0
-270.0
-1126.0
-1394.0
-1567.0
-1896.0
-2219.0
-2237.0
-1889.0
-1927.0
-2092.0
-1956.0
-1634.0
-1719.0
-1936.0
-2071.0
-2339.0
-2553.0
-2944.0
-3340.0
-2580.0
-746.0
-357.0
-1015.0
1041.0
3084.0
3493.0
3487.0
3850.0
4860.0
5027.0
3857.0
2563.0
2270.0
1802.0
210.0
-1208.0
-1861.0
-2199.0
-2486.0
-3167.0
-3430.0
-2597.0
-1694.0
-1632.0
-1482.0
-358.0
841.0
1213.0
1227.0
1795.0
2622.0
2736.0
2579.0
2540.0
2542.0
2327.0
1605.0
898.0
500.0
37.0
-724.0
-1325.0
-1437.0
-1504.0
-1756.0
-1933.0
-1772.0
-1496.0
-1394.0
-1449.0
-1268.0
-979.0
-991.0
-1259.0
-1384.0
-1496.0
-1905.0
-2459.0
-2815.0
-2880.0
-2271.0
-724.0
-240.0
-726.0
968.0
2854.0
3178.0
3004.0
3518.0
4205.0
4184.0
3600.0
2384.0
1559.0
1322.0
449.0
-1013.0
-1739.0
-1629.0
-1800.0
-2338.0
-2316.0
-1718.0
-1006.0
-636.0
-460.0
-129.0
593.0
1302.0
1392.0
1161.0
1565.0
2391.0
2185.0
1330.0
1534.0
2018.0
1341.0
460.0
255.0
157.0
-286.0
-826.0
-1175.0
-1246.0
-960.0
-806.0
-1039.0
-1005.0
-412.0
-144.0
-371.0
-489.0
-289.0
-164.0
-539.0
-1070.0
-1416.0
-1608.0
-1799.0
-2204.0
-2610.0
-2755.0
-2025.0
-799.0
-844.0
-1043.0
44.0
1279.0
2061.0
1883.0
2113.0
2670.0
2881.0
2815.0
2181.0
1628.0
1616.0
1485.0
1023.0
294.0
-226.0
-285.0
-399.0
-823.0
-1133.0
-1090.0
-907.0
-825.0
-836.0
-708.0
-490.0
-119.0
335.0
495.0
721.0
1253.0
1634.0
1943.0
1911.0
1968.0
1857.0
1545.0
1220.0
715.0
201.0
-229.0
-608.0
-970.0
-1150.0
-1246.0
-1256.0
-1303.0
-1323.0
-1204.0
-1158.0
-1091.0
-1115.0
-1209.0
-1237.0
-1283.0
-1452.0
-1729.0
-1958.0
-2150.0
-2386.0
-2720.0
-2837.0
-2323.0
-1347.0
-1077.0
-786.0
-154.0
1039.0
2207.0
2347.0
2856.0
3132.0
3707.0
3760.0
3169.0
2648.0
1943.0
1557.0
865.0
-147.0
-942.0
-1531.0
-1696.0
-1919.0
-1993.0
-1889.0
-1593.0
-1031.0
-501.0
-196.0
25.0
433.0
970.0
1292.0
1380.0
1522.0
1771.0
1880.0
1769.0
1404.0

Frame Nr. 9
460.0
255.0
157.0
-286.0
-826.0
-1175.0
-1246.0
-960.0
-806.0
-1039.0
-1005.0
-412.0
-144.0
-371.0
-489.0
-289.0
-164.0
-539.0
-1070.0
-1416.0
-1608.0
-1799.0
-2204.0
-2610.0
-2755.0
-2025.0
-799.0
-844.0
-1043.0
44.0
1279.0
2061.0
1883.0
2113.0
2670.0
2881.0
2815.0
2181.0
1628.0
1616.0
1485.0
1023.0
294.0
-226.0
-285.0
-399.0
-823.0
-1133.0
-1090.0
-907.0
-825.0
-836.0
-708.0
-490.0
-119.0
335.0
495.0
721.0
1253.0
1634.0
1943.0
1911.0
1968.0
1857.0
1545.0
1220.0
715.0
201.0
-229.0
-608.0
-970.0
-1150.0
-1246.0
-1256.0
-1303.0
-1323.0
-1204.0
-1158.0
-1091.0
-1115.0
-1209.0
-1237.0
-1283.0
-1452.0
-1729.0
-1958.0
-2150.0
-2386.0
-2720.0
-2837.0
-2323.0
-1347.0
-1077.0
-786.0
-154.0
1039.0
2207.0
2347.0
2856.0
3132.0
3707.0
3760.0
3169.0
2648.0
1943.0
1557.0
865.0
-147.0
-942.0
-1531.0
-1696.0
-1919.0
-1993.0
-1889.0
-1593.0
-1031.0
-501.0
-196.0
25.0
433.0
970.0
1292.0
1380.0
1522.0
1771.0
1880.0
1769.0
1404.0
1129.0
863.0
640.0
126.0
-379.0
-581.0
-675.0
-798.0
-1034.0
-1076.0
-1065.0
-985.0
-980.0
-1012.0
-926.0
-726.0
-629.0
-780.0
-893.0
-979.0
-1046.0
-1295.0
-1563.0
-1936.0
-2223.0
-2444.0
-2388.0
-1444.0
-693.0
-409.0
36.0
763.0
2280.0
2797.0
3200.0
3322.0
3527.0
4036.0
3694.0
3082.0
1923.0
1361.0
921.0
48.0
-923.0
-1816.0
-2049.0
-2004.0
-1986.0
-2033.0
-1947.0
-1377.0
-767.0
-331.0
-66.0
291.0
763.0
1268.0
1574.0
1656.0
1744.0
1890.0
2224.0
2055.0
1749.0
1281.0
1026.0
714.0
208.0
-335.0
-863.0
-968.0
-1097.0
-1152.0
-1283.0
-1300.0
-1159.0
-1004.0
-865.0
-901.0
-851.0
-762.0
-733.0
-930.0
-1279.0
-1586.0
-1873.0
-2278.0
-2737.0
-3166.0
-3456.0
-3539.0
-2692.0
-1417.0
-789.0
-311.0
436.0
2055.0
3084.0
3598.0
3876.0
3827.0
4162.0
4011.0
3621.0
2259.0
1179.0
567.0
-122.0
-994.0
-2083.0
-2649.0
-2788.0
-2568.0
-2278.0
-2207.0
-1841.0
-1153.0
-243.0
338.0
797.0
1217.0
1677.0
2247.0
2445.0
2197.0
1839.0
1823.0

Frame Nr. 10
1129.0
863.0
640.0
126.0
-379.0
-581.0
-675.0
-798.0
-1034.0
-1076.0
-1065.0
-985.0
-980.0
-1012.0
-926.0
-726.0
-629.0
-780.0
-893.0
-979.0
-1046.0
-1295.0
-1563.0
-1936.0
-2223.0
-2444.0
-2388.0
-1444.0
-693.0
-409.0
36.0
763.0
2280.0
2797.0
3200.0
3322.0
3527.0
4036.0
3694.0
3082.0
1923.0
1361.0
921.0
48.0
-923.0
-1816.0
-2049.0
-2004.0
-1986.0
-2033.0
-1947.0
-1377.0
-767.0
-331.0
-66.0
291.0
763.0
1268.0
1574.0
1656.0
1744.0
1890.0
2224.0
2055.0
1749.0
1281.0
1026.0
714.0
208.0
-335.0
-863.0
-968.0
-1097.0
-1152.0
-1283.0
-1300.0
-1159.0
-1004.0
-865.0
-901.0
-851.0
-762.0
-733.0
-930.0
-1279.0
-1586.0
-1873.0
-2278.0
-2737.0
-3166.0
-3456.0
-3539.0
-2692.0
-1417.0
-789.0
-311.0
436.0
2055.0
3084.0
3598.0
3876.0
3827.0
4162.0
4011.0
3621.0
2259.0
1179.0
567.0
-122.0
-994.0
-2083.0
-2649.0
-2788.0
-2568.0
-2278.0
-2207.0
-1841.0
-1153.0
-243.0
338.0
797.0
1217.0
1677.0
2247.0
2445.0
2197.0
1839.0
1823.0
1869.0
1297.0
679.0
35.0
-202.0
-596.0
-843.0
-1291.0
-1548.0
-1394.0
-1041.0
-807.0
-811.0
-571.0
-273.0
3.0
26.0
-137.0
-350.0
-472.0
-613.0
-968.0
-1501.0
-1948.0
-2204.0
-2490.0
-2857.0
-3254.0
-3451.0
-3094.0
-1767.0
-595.0
-164.0
365.0
1435.0
3034.0
3672.0
4238.0
4066.0
4105.0
4143.0
3994.0
3045.0
1578.0
646.0
15.0
-637.0
-1626.0
-2420.0
-2779.0
-2680.0
-2170.0
-1820.0
-1535.0
-1086.0
-188.0
710.0
1251.0
1489.0
1596.0
1755.0
1963.0
2048.0
1631.0
1208.0
986.0
1082.0
650.0
202.0
-270.0
-366.0
-402.0
-363.0
-514.0
-618.0
-367.0
13.0
247.0
190.0
221.0
242.0
195.0
29.0
-274.0
-604.0
-904.0
-1094.0
-1424.0
-1822.0
-2134.0
-2349.0
-2537.0
-2799.0
-2918.0
-2959.0
-2812.0
-2055.0
-762.0
39.0
581.0
1132.0
2379.0
3236.0
3757.0
3923.0
3653.0
3495.0
3252.0
2988.0
1867.0
863.0
59.0
-419.0
-1021.0
-1588.0
-2043.0
-2252.0
-2015.0
-1502.0
-1156.0
-939.0
-548.0
71.0
595.0
936.0
983.0
906.0
894.0

Frame Nr. 11
1869.0
1297.0
679.0
35.0
-202.0
-596.0
-843.0
-1291.0
-1548.0
-1394.0
-1041.0
-807.0
-811.0
-571.0
-273.0
3.0
26.0
-137.0
-350.0
-472.0
-613.0
-968.0
-1501.0
-1948.0
-2204.0
-2490.0
-2857.0
-3254.0
-3451.0
-3094.0
-1767.0
-595.0
-164.0
365.0
1435.0
3034.0
3672.0
4238.0
4066.0
4105.0
4143.0
3994.0
3045.0
1578.0
646.0
15.0
-637.0
-1626.0
-2420.0
-2779.0
-2680.0
-2170.0
-1820.0
-1535.0
-1086.0
-188.0
710.0
1251.0
1489.0
1596.0
1755.0
1963.0
2048.0
1631.0
1208.0
986.0
1082.0
650.0
202.0
-270.0
-366.0
-402.0
-363.0
-514.0
-618.0
-367.0
13.0
247.0
190.0
221.0
242.0
195.0
29.0
-274.0
-604.0
-904.0
-1094.0
-1424.0
-1822.0
-2134.0
-2349.0
-2537.0
-2799.0
-2918.0
-2959.0
-2812.0
-2055.0
-762.0
39.0
581.0
1132.0
2379.0
3236.0
3757.0
3923.0
3653.0
3495.0
3252.0
2988.0
1867.0
863.0
59.0
-419.0
-1021.0
-1588.0
-2043.0
-2252.0
-2015.0
-1502.0
-1156.0
-939.0
-548.0
71.0
595.0
936.0
983.0
906.0
894.0
1135.0
1182.0
916.0
628.0
612.0
702.0
493.0
213.0
-121.0
-262.0
-308.0
-319.0
-596.0
-822.0
-764.0
-518.0
-426.0
-396.0
-428.0
-465.0
-443.0
-431.0
-530.0
-793.0
-986.0
-1108.0
-1250.0
-1399.0
-1618.0
-1848.0
-2147.0
-2288.0
-2431.0
-2649.0
-2841.0
-2547.0
-1518.0
-603.0
-23.0
378.0
1151.0
2252.0
3063.0
3656.0
3540.0
3489.0
3408.0
3460.0
2811.0
1813.0
772.0
57.0
-497.0
-978.0
-1615.0
-2285.0
-2461.0
-1976.0
-1442.0
-1084.0
-755.0
-227.0
402.0
1103.0
1467.0
1411.0
1184.0
1242.0
1531.0
1579.0
1107.0
495.0
221.0
320.0
220.0
-72.0
-594.0
-596.0
-299.0
121.0
-22.0
-82.0
114.0
640.0
873.0
657.0
220.0
-15.0
4.0
-75.0
-493.0
-1028.0
-1258.0
-1273.0
-1509.0
-1875.0
-2387.0
-2718.0
-2875.0
-3002.0
-3266.0
-3532.0
-3090.0
-666.0
2439.0
3055.0
3120.0
3978.0
5012.0
5717.0
5673.0
3764.0
1566.0
1098.0
753.0
-1036.0
-2907.0
-3982.0
-4077.0
-3078.0
-1843.0
-1755.0
-1290.0
428.0
2345.0
3353.0
3703.0
3301.0

Frame Nr. 12
1135.0
1182.0
916.0
628.0
612.0
702.0
493.0
213.0
-121.0
-262.0
-308.0
-319.0
-596.0
-822.0
-764.0
-518.0
-426.0
-396.0
-428.0
-465.0
-443.0
-431.0
-530.0
-793.0
-986.0
-1108.0
-1250.0
-1399.0
-1618.0
-1848.0
-2147.0
-2288.0
-2431.0
-2649.0
-2841.0
-2547.0
-1518.0
-603.0
-23.0
378.0
1151.0
2252.0
3063.0
3656.0
3540.0
3489.0
3408.0
3460.0
2811.0
1813.0
772.0
57.0
-497.0
-978.0
-1615.0
-2285.0
-2461.0
-1976.0
-1442.0
-1084.0
-755.0
-227.0
402.0
1103.0
1467.0
1411.0
1184.0
1242.0
1531.0
1579.0
1107.0
495.0
221.0
320.0
220.0
-72.0
-594.0
-596.0
-299.0
121.0
-22.0
-82.0
114.0
640.0
873.0
657.0
220.0
-15.0
4.0
-75.0
-493.0
-1028.0
-1258.0
-1273.0
-1509.0
-1875.0
-2387.0
-2718.0
-2875.0
-3002.0
-3266.0
-3532.0
-3090.0
-666.0
2439.0
3055.0
3120.0
3978.0
5012.0
5717.0
5673.0
3764.0
1566.0
1098.0
753.0
-1036.0
-2907.0
-3982.0
-4077.0
-3078.0
-1843.0
-1755.0
-1290.0
428.0
2345.0
3353.0
3703.0
3301.0
2810.0
2823.0
2376.0
658.0
-1160.0
-2168.0
-2707.0
-3010.0
-3084.0
-2603.0
-1540.0
-470.0
1004.0
1927.0
2435.0
2778.0
2984.0
2512.0
1875.0
985.0
-54.0
-757.0
-1288.0
-1840.0
-2211.0
-2083.0
-1907.0
-1513.0
-1112.0
-920.0
-706.0
-259.0
-26.0
-266.0
-511.0
-809.0
-1268.0
-1998.0
-2962.0
-3938.0
-4307.0
-4473.0
-4592.0
-3017.0
915.0
3638.0
4054.0
4972.0
5682.0
6135.0
6354.0
4730.0
1527.0
-290.0
-775.0
-2191.0
-3622.0
-4560.0
-4812.0
-3504.0
-1243.0
-59.0
416.0
1661.0
3040.0
3943.0
4179.0
3213.0
1586.0
661.0
42.0
-1175.0
-2532.0
-3470.0
-3763.0
-3066.0
-1630.0
-462.0
388.0
1443.0
2497.0
3397.0
3871.0
3137.0
1884.0
1105.0
497.0
-472.0
-1409.0
-2093.0
-2148.0
-1385.0
-618.0
-396.0
-203.0
277.0
642.0
654.0
181.0
-532.0
-1003.0
-1251.0
-1641.0
-2156.0
-2701.0
-3119.0
-3371.0
-3572.0
-3821.0
-3995.0
-3216.0
117.0
4584.0
5773.0
5458.0
5687.0
5728.0
5831.0
4980.0
1695.0
-1641.0
-2275.0
-2361.0
-3150.0
-3822.0
-4185.0
-3340.0
-595.0

Frame Nr. 13
2810.0
2823.0
2376.0
658.0
-1160.0
-2168.0
-2707.0
-3010.0
-3084.0
-2603.0
-1540.0
-470.0
1004.0
1927.0
2435.0
2778.0
2984.0
2512.0
1875.0
985.0
-54.0
-757.0
-1288.0
-1840.0
-2211.0
-2083.0
-1907.0
-1513.0
-1112.0
-920.0
-706.0
-259.0
-26.0
-266.0
-511.0
-809.0
-1268.0
-1998.0
-2962.0
-3938.0
-4307.0
-4473.0
-4592.0
-3017.0
915.0
3638.0
4054.0
4972.0
5682.0
6135.0
6354.0
4730.0
1527.0
-290.0
-775.0
-2191.0
-3622.0
-4560.0
-4812.0
-3504.0
-1243.0
-59.0
416.0
1661.0
3040.0
3943.0
4179.0
3213.0
1586.0
661.0
42.0
-1175.0
-2532.0
-3470.0
-3763.0
-3066.0
-1630.0
-462.0
388.0
1443.0
2497.0
3397.0
3871.0
3137.0
1884.0
1105.0
497.0
-472.0
-1409.0
-2093.0
-2148.0
-1385.0
-618.0
-396.0
-203.0
277.0
642.0
654.0
181.0
-532.0
-1003.0
-1251.0
-1641.0
-2156.0
-2701.0
-3119.0
-3371.0
-3572.0
-3821.0
-3995.0
-3216.0
117.0
4584.0
5773.0
5458.0
5687.0
5728.0
5831.0
4980.0
1695.0
-1641.0
-2275.0
-2361.0
-3150.0
-3822.0
-4185.0
-3340.0
-595.0
1819.0
2346.0
2463.0
3045.0
3536.0
3680.0
2653.0
398.0
-1414.0
-1907.0
-2271.0
-2830.0
-3312.0
-3344.0
-2389.0
-542.0
855.0
2236.0
3554.0
3557.0
4043.0
4349.0
3094.0
1242.0
99.0
-1208.0
-1880.0
-1930.0
-2415.0
-2358.0
-1121.0
175.0
801.0
1344.0
1320.0
1094.0
993.0
275.0
-1156.0
-2059.0
-2389.0
-2767.0
-2887.0
-2925.0
-3196.0
-3228.0
-2924.0
-2901.0
-2959.0
-2943.0
-1872.0
2031.0
5794.0
5785.0
5114.0
4616.0
4329.0
4287.0
3026.0
-644.0
-3141.0
-3076.0
-2840.0
-2923.0
-3140.0
-3303.0
-1931.0
1040.0
2887.0
2889.0
2532.0
2268.0
2363.0
2301.0
871.0
-1485.0
-2746.0
-2793.0
-2573.0
-2352.0
-2400.0
-2278.0
-1025.0
967.0
2291.0
2665.0
2947.0
2757.0
2650.0
2453.0
1196.0
-565.0
-1442.0
-1534.0
-1512.0
-1309.0
-1296.0
-856.0
320.0
1460.0
1568.0
1246.0
926.0
619.0
235.0
-673.0
-1957.0
-2700.0
-2678.0
-2632.0
-2533.0
-2654.0
-2845.0
-2539.0
-2009.0
-2003.0
-2499.0
-2907.0
-1993.0
1867.0
5676.0
5514.0
4649.0
4165.0
4115.0
4363.0
3100.0
-582.0

Frame Nr. 14
1819.0
2346.0
2463.0
3045.0
3536.0
3680.0
2653.0
398.0
-1414.0
-1907.0
-2271.0
-2830.0
-3312.0
-3344.0
-2389.0
-542.0
855.0
2236.0
3554.0
3557.0
4043.0
4349.0
3094.0
1242.0
99.0
-1208.0
-1880.0
-1930.0
-2415.0
-2358.0
-1121.0
175.0
801.0
1344.0
1320.0
1094.0
993.0
275.0
-1156.0
-2059.0
-2389.0
-2767.0
-2887.0
-2925.0
-3196.0
-3228.0
-2924.0
-2901.0
-2959.0
-2943.0
-1872.0
2031.0
5794.0
5785.0
5114.0
4616.0
4329.0
4287.0
3026.0
-644.0
-3141.0
-3076.0
-2840.0
-2923.0
-3140.0
-3303.0
-1931.0
1040.0
2887.0
2889.0
2532.0
2268.0
2363.0
2301.0
871.0
-1485.0
-2746.0
-2793.0
-2573.0
-2352.0
-2400.0
-2278.0
-1025.0
967.0
2291.0
2665.0
2947.0
2757.0
2650.0
2453.0
1196.0
-565.0
-1442.0
-1534.0
-1512.0
-1309.0
-1296.0
-856.0
320.0
1460.0
1568.0
1246.0
926.0
619.0
235.0
-673.0
-1957.0
-2700.0
-2678.0
-2632.0
-2533.0
-2654.0
-2845.0
-2539.0
-2009.0
-2003.0
-2499.0
-2907.0
-1993.0
1867.0
5676.0
5514.0
4649.0
4165.0
4115.0
4363.0
3100.0
-582.0
-2954.0
-2699.0
-2367.0
-2456.0
-2875.0
-3188.0
-1692.0
1376.0
3098.0
2914.0
2502.0
2294.0
2553.0
2559.0
1053.0
-1277.0
-2384.0
-2333.0
-2023.0
-1777.0
-1903.0
-1733.0
-310.0
1484.0
2222.0
2274.0
2640.0
3454.0
3501.0
2546.0
848.0
-618.0
-1136.0
-1034.0
-1409.0
-1954.0
-1597.0
-398.0
975.0
1711.0
1642.0
1414.0
1655.0
1628.0
785.0
-567.0
-1834.0
-2594.0
-2679.0
-2671.0
-2980.0
-2996.0
-2680.0
-2267.0
-2008.0
-2089.0
-2468.0
-2671.0
-2335.0
243.0
4534.0
5441.0
4674.0
4455.0
4089.0
4170.0
3519.0
511.0
-2551.0
-2796.0
-2672.0
-2942.0
-3109.0
-3389.0
-2491.0
293.0
2470.0
2690.0
2614.0
2613.0
2709.0
2822.0
1717.0
-541.0
-2061.0
-2296.0
-2325.0
-2266.0
-2445.0
-2514.0
-1404.0
389.0
1472.0
1951.0
2399.0
2716.0
2724.0
2312.0
1094.0
-26.0
-585.0
-905.0
-1180.0
-1235.0
-1103.0
-565.0
387.0
1002.0
1123.0
1076.0
1011.0
784.0
355.0
-459.0
-1373.0
-2159.0
-2743.0
-2861.0
-2708.0
-2710.0
-2742.0
-2426.0
-1941.0
-1490.0
-1470.0
-1851.0
-2466.0
-2327.0

Frame Nr. 15
-2954.0
-2699.0
-2367.0
-2456.0
-2875.0
-3188.0
-1692.0
1376.0
3098.0
2914.0
2502.0
2294.0
2553.0
2559.0
1053.0
-1277.0
-2384.0
-2333.0
-2023.0
-1777.0
-1903.0
-1733.0
-310.0
1484.0
2222.0
2274.0
2640.0
3454.0
3501.0
2546.0
848.0
-618.0
-1136.0
-1034.0
-1409.0
-1954.0
-1597.0
-398.0
975.0
1711.0
1642.0
1414.0
1655.0
1628.0
785.0
-567.0
-1834.0
-2594.0
-2679.0
-2671.0
-2980.0
-2996.0
-2680.0
-2267.0
-2008.0
-2089.0
-2468.0
-2671.0
-2335.0
243.0
4534.0
5441.0
4674.0
4455.0
4089.0
4170.0
3519.0
511.0
-2551.0
-2796.0
-2672.0
-2942.0
-3109.0
-3389.0
-2491.0
293.0
2470.0
2690.0
2614.0
2613.0
2709.0
2822.0
1717.0
-541.0
-2061.0
-2296.0
-2325.0
-2266.0
-2445.0
-2514.0
-1404.0
389.0
1472.0
1951.0
2399.0
2716.0
2724.0
2312.0
1094.0
-26.0
-585.0
-905.0
-1180.0
-1235.0
-1103.0
-565.0
387.0
1002.0
1123.0
1076.0
1011.0
784.0
355.0
-459.0
-1373.0
-2159.0
-2743.0
-2861.0
-2708.0
-2710.0
-2742.0
-2426.0
-1941.0
-1490.0
-1470.0
-1851.0
-2466.0
-2327.0
154.0
4110.0
4685.0
3761.0
3614.0
3551.0
3986.0
3383.0
515.0
-2156.0
-2134.0
-1970.0
-2244.0
-2625.0
-3049.0
-1944.0
775.0
2427.0
2277.0
2240.0
2465.0
2764.0
2811.0
1453.0
-691.0
-1728.0
-1771.0
-1921.0
-2197.0
-2590.0
-2391.0
-948.0
650.0
1313.0
1882.0
2707.0
3045.0
3124.0
2624.0
1357.0
390.0
1.0
-548.0
-1189.0
-1481.0
-1436.0
-778.0
193.0
616.0
767.0
1154.0
1404.0
1279.0
760.0
-165.0
-1095.0
-1691.0
-2325.0
-2722.0
-2765.0
-2795.0
-2668.0
-2236.0
-1841.0
-1781.0
-1587.0
-1802.0
-2418.0
-1677.0
1763.0
4697.0
4044.0
3678.0
3609.0
3936.0
4413.0
2824.0
-450.0
-1779.0
-1319.0
-1758.0
-2442.0
-3228.0
-3213.0
-1174.0
1154.0
1614.0
1436.0
2056.0
2723.0
3240.0
2688.0
865.0
-507.0
-670.0
-879.0
-1655.0
-2413.0
-2779.0
-1954.0
-490.0
171.0
228.0
696.0
2216.0
3200.0
2874.0
2088.0
1263.0
1039.0
816.0
11.0
-1218.0
-1484.0
-1089.0
-562.0
-331.0
-366.0
65.0
798.0
1154.0
660.0
145.0
-321.0
-712.0
-1474.0
-2468.0
-2903.0

Frame Nr. 16
154.0
4110.0
4685.0
3761.0
3614.0
3551.0
3986.0
3383.0
515.0
-2156.0
-2134.0
-1970.0
-2244.0
-2625.0
-3049.0
-1944.0
775.0
2427.0
2277.0
2240.0
2465.0
2764.0
2811.0
1453.0
-691.0
-1728.0
-1771.0
-1921.0
-2197.0
-2590.0
-2391.0
-948.0
650.0
1313.0
1882.0
2707.0
3045.0
3124.0
2624.0
1357.0
390.0
1.0
-548.0
-1189.0
-1481.0
-1436.0
-778.0
193.0
616.0
767.0
1154.0
1404.0
1279.0
760.0
-165.0
-1095.0
-1691.0
-2325.0
-2722.0
-2765.0
-2795.0
-2668.0
-2236.0
-1841.0
-1781.0
-1587.0
-1802.0
-2418.0
-1677.0
1763.0
4697.0
4044.0
3678.0
3609.0
3936.0
4413.0
2824.0
-450.0
-1779.0
-1319.0
-1758.0
-2442.0
-3228.0
-3213.0
-1174.0
1154.0
1614.0
1436.0
2056.0
2723.0
3240.0
2688.0
865.0
-507.0
-670.0
-879.0
-1655.0
-2413.0
-2779.0
-1954.0
-490.0
171.0
228.0
696.0
2216.0
3200.0
2874.0
2088.0
1263.0
1039.0
816.0
11.0
-1218.0
-1484.0
-1089.0
-562.0
-331.0
-366.0
65.0
798.0
1154.0
660.0
145.0
-321.0
-712.0
-1474.0
-2468.0
-2903.0
-2728.0
-2642.0
-2666.0
-2467.0
-2237.0
-1850.0
-1817.0
-2406.0
-2822.0
-1497.0
2273.0
4203.0
3042.0
3209.0
3742.0
4546.0
4467.0
2049.0
-1051.0
-1306.0
-977.0
-2273.0
-3492.0
-4149.0
-3300.0
-876.0
702.0
396.0
803.0
2352.0
3399.0
3585.0
2495.0
930.0
461.0
455.0
-700.0
-2243.0
-3009.0
-2916.0
-1969.0
-1291.0
-1302.0
-821.0
837.0
2462.0
2714.0
2819.0
2707.0
2561.0
2370.0
1427.0
95.0
-608.0
-819.0
-1317.0
-1476.0
-1396.0
-907.0
-71.0
372.0
357.0
552.0
852.0
516.0
-177.0
-1169.0
-1727.0
-1756.0
-2017.0
-2755.0
-2995.0
-2792.0
-2538.0
-2486.0
-2999.0
-3212.0
-1770.0
1925.0
4169.0
3251.0
3756.0
4882.0
5565.0
5333.0
2985.0
208.0
-108.0
-63.0
-2235.0
-3952.0
-4373.0
-3532.0
-1691.0
-741.0
-862.0
338.0
2598.0
3612.0
3628.0
3094.0
2531.0
2598.0
2091.0
199.0
-1452.0
-1953.0
-2229.0
-2468.0
-2721.0
-2807.0
-1738.0
171.0
1442.0
1855.0
2389.0
3273.0
3607.0
3168.0
2166.0
1246.0
700.0
-28.0
-1178.0
-1992.0
-1988.0
-1777.0
-1563.0

Frame Nr. 17
-2728.0
-2642.0
-2666.0
-2467.0
-2237.0
-1850.0
-1817.0
-2406.0
-2822.0
-1497.0
2273.0
4203.0
3042.0
3209.0
3742.0
4546.0
4467.0
2049.0
-1051.0
-1306.0
-977.0
-2273.0
-3492.0
-4149.0
-3300.0
-876.0
702.0
396.0
803.0
2352.0
3399.0
3585.0
2495.0
930.0
461.0
455.0
-700.0
-2243.0
-3009.0
-2916.0
-1969.0
-1291.0
-1302.0
-821.0
837.0
2462.0
2714.0
2819.0
2707.0
2561.0
2370.0
1427.0
95.0
-608.0
-819.0
-1317.0
-1476.0
-1396.0
-907.0
-71.0
372.0
357.0
552.0
852.0
516.0
-177.0
-1169.0
-1727.0
-1756.0
-2017.0
-2755.0
-2995.0
-2792.0
-2538.0
-2486.0
-2999.0
-3212.0
-1770.0
1925.0
4169.0
3251.0
3756.0
4882.0
5565.0
5333.0
2985.0
208.0
-108.0
-63.0
-2235.0
-3952.0
-4373.0
-3532.0
-1691.0
-741.0
-862.0
338.0
2598.0
3612.0
3628.0
3094.0
2531.0
2598.0
2091.0
199.0
-1452.0
-1953.0
-2229.0
-2468.0
-2721.0
-2807.0
-1738.0
171.0
1442.0
1855.0
2389.0
3273.0
3607.0
3168.0
2166.0
1246.0
700.0
-28.0
-1178.0
-1992.0
-1988.0
-1777.0
-1563.0
-1387.0
-1030.0
-339.0
160.0
14.0
-301.0
-364.0
-403.0
-749.0
-1405.0
-2042.0
-2315.0
-2501.0
-3041.0
-3495.0
-3763.0
-3485.0
-1396.0
1859.0
2184.0
2166.0
4172.0
5004.0
5409.0
4682.0
2658.0
1500.0
1639.0
-203.0
-2747.0
-3615.0
-3930.0
-3495.0
-2861.0
-2941.0
-2160.0
68.0
1430.0
1845.0
2608.0
3086.0
3451.0
3475.0
2267.0
945.0
440.0
-417.0
-1795.0
-2623.0
-3053.0
-2796.0
-1803.0
-1260.0
-852.0
445.0
1470.0
1976.0
2318.0
2348.0
2385.0
2472.0
1635.0
551.0
156.0
-385.0
-1176.0
-1769.0
-2125.0
-1940.0
-1429.0
-1483.0
-1554.0
-994.0
-571.0
-582.0
-606.0
-751.0
-898.0
-979.0
-1542.0
-2226.0
-2494.0
-2721.0
-2813.0
-1172.0
1068.0
850.0
1525.0
3232.0
3636.0
4293.0
3872.0
2646.0
2461.0
2513.0
640.0
-869.0
-1487.0
-2306.0
-2355.0
-2440.0
-2788.0
-1975.0
-716.0
-317.0
341.0
1447.0
1957.0
2394.0
2568.0
2280.0
2178.0
1860.0
810.0
-56.0
-562.0
-1196.0
-1592.0
-1495.0
-1146.0
-999.0
-260.0
217.0
645.0
1282.0
1532.0
1603.0
1834.0

Frame Nr. 18
-1387.0
-1030.0
-339.0
160.0
14.0
-301.0
-364.0
-403.0
-749.0
-1405.0
-2042.0
-2315.0
-2501.0
-3041.0
-3495.0
-3763.0
-3485.0
-1396.0
1859.0
2184.0
2166.0
4172.0
5004.0
5409.0
4682.0
2658.0
1500.0
1639.0
-203.0
-2747.0
-3615.0
-3930.0
-3495.0
-2861.0
-2941.0
-2160.0
68.0
1430.0
1845.0
2608.0
3086.0
3451.0
3475.0
2267.0
945.0
440.0
-417.0
-1795.0
-2623.0
-3053.0
-2796.0
-1803.0
-1260.0
-852.0
445.0
1470.0
1976.0
2318.0
2348.0
2385.0
2472.0
1635.0
551.0
156.0
-385.0
-1176.0
-1769.0
-2125.0
-1940.0
-1429.0
-1483.0
-1554.0
-994.0
-571.0
-582.0
-606.0
-751.0
-898.0
-979.0
-1542.0
-2226.0
-2494.0
-2721.0
-2813.0
-1172.0
1068.0
850.0
1525.0
3232.0
3636.0
4293.0
3872.0
2646.0
2461.0
2513.0
640.0
-869.0
-1487.0
-2306.0
-2355.0
-2440.0
-2788.0
-1975.0
-716.0
-317.0
341.0
1447.0
1957.0
2394.0
2568.0
2280.0
2178.0
1860.0
810.0
-56.0
-562.0
-1196.0
-1592.0
-1495.0
-1146.0
-999.0
-260.0
217.0
645.0
1282.0
1532.0
1603.0
1834.0
1727.0
1287.0
1159.0
785.0
208.0
-237.0
-821.0
-1266.0
-1336.0
-1520.0
-1783.0
-1707.0
-1648.0
-1612.0
-1474.0
-1548.0
-1627.0
-1500.0
-1601.0
-1842.0
-1953.0
-1941.0
-962.0
1167.0
1503.0
1094.0
2729.0
3382.0
3509.0
3242.0
2339.0
2200.0
2268.0
807.0
-581.0
-662.0
-1192.0
-1764.0
-2183.0
-2417.0
-1626.0
-740.0
-815.0
-618.0
511.0
1274.0
1508.0
1412.0
1234.0
1631.0
1680.0
826.0
164.0
62.0
-300.0
-720.0
-669.0
-797.0
-632.0
-133.0
-233.0
118.0
741.0
683.0
486.0
720.0
621.0
571.0
414.0
-19.0
25.0
1.0
-418.0
-746.0
-885.0
-1235.0
-1347.0
-1534.0
-1832.0
-1803.0
-2015.0
-2336.0
-2381.0
-2447.0
-2781.0
-2933.0
-2869.0
-1958.0
237.0
733.0
547.0
2569.0
3560.0
3878.0
3819.0
3158.0
3208.0
3145.0
1453.0
-54.0
-286.0
-1140.0
-2031.0
-2612.0
-3035.0
-2457.0
-1927.0
-2010.0
-1268.0
118.0
847.0
1212.0
1526.0
1904.0
2557.0
2317.0
1360.0
1012.0
938.0
445.0
12.0
-555.0
-796.0
-445.0
-664.0
-798.0
-387.0
51.0

Frame Nr. 19
1727.0
1287.0
1159.0
785.0
208.0
-237.0
-821.0
-1266.0
-1336.0
-1520.0
-1783.0
-1707.0
-1648.0
-1612.0
-1474.0
-1548.0
-1627.0
-1500.0
-1601.0
-1842.0
-1953.0
-1941.0
-962.0
1167.0
1503.0
1094.0
2729.0
3382.0
3509.0
3242.0
2339.0
2200.0
2268.0
807.0
-581.0
-662.0
-1192.0
-1764.0
-2183.0
-2417.0
-1626.0
-740.0
-815.0
-618.0
511.0
1274.0
1508.0
1412.0
1234.0
1631.0
1680.0
826.0
164.0
62.0
-300.0
-720.0
-669.0
-797.0
-632.0
-133.0
-233.0
118.0
741.0
683.0
486.0
720.0
621.0
571.0
414.0
-19.0
25.0
1.0
-418.0
-746.0
-885.0
-1235.0
-1347.0
-1534.0
-1832.0
-1803.0
-2015.0
-2336.0
-2381.0
-2447.0
-2781.0
-2933.0
-2869.0
-1958.0
237.0
733.0
547.0
2569.0
3560.0
3878.0
3819.0
3158.0
3208.0
3145.0
1453.0
-54.0
-286.0
-1140.0
-2031.0
-2612.0
-3035.0
-2457.0
-1927.0
-2010.0
-1268.0
118.0
847.0
1212.0
1526.0
1904.0
2557.0
2317.0
1360.0
1012.0
938.0
445.0
12.0
-555.0
-796.0
-445.0
-664.0
-798.0
-387.0
51.0
215.0
465.0
722.0
977.0
1097.0
817.0
738.0
664.0
356.0
-67.0
-337.0
-620.0
-894.0
-1220.0
-1614.0
-1649.0
-1731.0
-2071.0
-2206.0
-2064.0
-2246.0
-2495.0
-2673.0
-2327.0
-650.0
166.0
-243.0
1330.0
2783.0
3303.0
3726.0
3527.0
3834.0
4305.0
3275.0
1850.0
1499.0
673.0
-582.0
-1681.0
-2505.0
-2547.0
-2566.0
-2953.0
-2655.0
-1598.0
-821.0
-340.0
361.0
1336.0
2308.0
2514.0
2310.0
2392.0
2451.0
1874.0
1043.0
290.0
345.0
327.0
-954.0
-916.0
-634.0
-830.0
-1024.0
-866.0
-481.0
193.0
214.0
70.0
828.0
955.0
640.0
302.0
109.0
-149.0
-633.0
-1389.0
-1826.0
-1882.0
-2581.0
-3016.0
-3012.0
-3034.0
-3138.0
-3198.0
-2601.0
-962.0
-102.0
-269.0
1339.0
2479.0
3045.0
3283.0
3075.0
3490.0
3782.0
2812.0
1719.0
1467.0
779.0
-62.0
-1011.0
-1748.0
-1734.0
-2144.0
-2648.0
-2455.0
-1848.0
-1426.0
-1125.0
-722.0
48.0
817.0
875.0
1047.0
1581.0
2059.0
1985.0
1611.0
1366.0
1453.0
1151.0
386.0
142.0
-70.0
-465.0
-896.0

Frame Nr. 20
215.0
465.0
722.0
977.0
1097.0
817.0
738.0
664.0
356.0
-67.0
-337.0
-620.0
-894.0
-1220.0
-1614.0
-1649.0
-1731.0
-2071.0
-2206.0
-2064.0
-2246.0
-2495.0
-2673.0
-2327.0
-650.0
166.0
-243.0
1330.0
2783.0
3303.0
3726.0
3527.0
3834.0
4305.0
3275.0
1850.0
1499.0
673.0
-582.0
-1681.0
-2505.0
-2547.0
-2566.0
-2953.0
-2655.0
-1598.0
-821.0
-340.0
361.0
1336.0
2308.0
2514.0
2310.0
2392.0
2451.0
1874.0
1043.0
290.0
345.0
327.0
-954.0
-916.0
-634.0
-830.0
-1024.0
-866.0
-481.0
193.0
214.0
70.0
828.0
955.0
640.0
302.0
109.0
-149.0
-633.0
-1389.0
-1826.0
-1882.0
-2581.0
-3016.0
-3012.0
-3034.0
-3138.0
-3198.0
-2601.0
-962.0
-102.0
-269.0
1339.0
2479.0
3045.0
3283.0
3075.0
3490.0
3782.0
2812.0
1719.0
1467.0
779.0
-62.0
-1011.0
-1748.0
-1734.0
-2144.0
-2648.0
-2455.0
-1848.0
-1426.0
-1125.0
-722.0
48.0
817.0
875.0
1047.0
1581.0
2059.0
1985.0
1611.0
1366.0
1453.0
1151.0
386.0
142.0
-70.0
-465.0
-896.0
-1076.0
-964.0
-928.0
-1068.0
-909.0
-353.0
-108.0
-78.0
-8.0
193.0
300.0
91.0
-280.0
-546.0
-996.0
-1731.0
-2116.0
-2465.0
-2820.0
-3185.0
-3267.0
-2296.0
-1142.0
-1041.0
-340.0
1263.0
2082.0
3004.0
3180.0
3469.0
4093.0
3820.0
2912.0
2447.0
1895.0
982.0
170.0
-772.0
-1242.0
-1568.0
-2151.0
-2252.0
-1882.0
-1479.0
-1278.0
-952.0
-450.0
259.0
658.0
747.0
1087.0
1396.0
1650.0
1618.0
1315.0
1681.0
1600.0
1251.0
1009.0
913.0
623.0
159.0
-377.0
-538.0
-574.0
-1090.0
-1149.0
-947.0
-650.0
-555.0
-561.0
-398.0
-149.0
-212.0
-440.0
-422.0
-631.0
-1006.0
-1370.0
-1644.0
-1975.0
-2321.0
-2505.0
-2127.0
-1271.0
-1080.0
-673.0
638.0
1343.0
2069.0
2380.0
2686.0
3231.0
3208.0
2760.0
2447.0
2066.0
1385.0
779.0
30.0
-441.0
-874.0
-1527.0
-1724.0
-1674.0
-1541.0
-1474.0
-1342.0
-971.0
-435.0
-104.0
103.0
529.0
984.0
1380.0
1340.0
1463.0
1745.0
1555.0
1273.0
1062.0
890.0
503.0
72.0
-414.0
-574.0
-792.0
-1088.0

Frame Nr. 21
-1076.0
-964.0
-928.0
-1068.0
-909.0
-353.0
-108.0
-78.0
-8.0
193.0
300.0
91.0
-280.0
-546.0
-996.0
-1731.0
-2116.0
-2465.0
-2820.0
-3185.0
-3267.0
-2296.0
-1142.0
-1041.0
-340.0
1263.0
2082.0
3004.0
3180.0
3469.0
4093.0
3820.0
2912.0
2447.0
1895.0
982.0
170.0
-772.0
-1242.0
-1568.0
-2151.0
-2252.0
-1882.0
-1479.0
-1278.0
-952.0
-450.0
259.0
658.0
747.0
1087.0
1396.0
1650.0
1618.0
1315.0
1681.0
1600.0
1251.0
1009.0
913.0
623.0
159.0
-377.0
-538.0
-574.0
-1090.0
-1149.0
-947.0
-650.0
-555.0
-561.0
-398.0
-149.0
-212.0
-440.0
-422.0
-631.0
-1006.0
-1370.0
-1644.0
-1975.0
-2321.0
-2505.0
-2127.0
-1271.0
-1080.0
-673.0
638.0
1343.0
2069.0
2380.0
2686.0
3231.0
3208.0
2760.0
2447.0
2066.0
1385.0
779.0
30.0
-441.0
-874.0
-1527.0
-1724.0
-1674.0
-1541.0
-1474.0
-1342.0
-971.0
-435.0
-104.0
103.0
529.0
984.0
1380.0
1340.0
1463.0
1745.0
1555.0
1273.0
1062.0
890.0
503.0
72.0
-414.0
-574.0
-792.0
-1088.0
-1116.0
-1105.0
-1047.0
-1039.0
-894.0
-803.0
-740.0
-742.0
-754.0
-675.0
-898.0
-1189.0
-1391.0
-1677.0
-2014.0
-2297.0
-2429.0
-2038.0
-1465.0
-1246.0
-692.0
310.0
924.0
1564.0
1979.0
2407.0
2859.0
2835.0
2581.0
2387.0
2005.0
1373.0
755.0
222.0
-199.0
-739.0
-1323.0
-1518.0
-1508.0
-1543.0
-1542.0
-1319.0
-857.0
-479.0
-257.0
117.0
602.0
948.0
1130.0
1144.0
1465.0
1661.0
1527.0
1453.0
1393.0
1203.0
860.0
457.0
55.0
-297.0
-694.0
-965.0
-1066.0
-1141.0
-1119.0
-1009.0
-788.0
-627.0
-528.0
-477.0
-348.0
-300.0
-470.0
-601.0
-834.0
-1090.0
-1325.0
-1595.0
-1745.0
-1591.0
-1300.0
-1070.0
-792.0
-35.0
610.0
1178.0
1725.0
2175.0
2672.0
2824.0
2712.0
2598.0
2389.0
1913.0
1338.0
883.0
347.0
-148.0
-694.0
-1073.0
-1242.0
-1409.0
-1499.0
-1382.0
-1121.0
-843.0
-496.0
-90.0
427.0
926.0
1175.0
1461.0
1738.0
1846.0
1766.0
1649.0
1389.0
1112.0
821.0
355.0
-27.0
-391.0
-651.0
-843.0
-969.0
-1015.0
-994.0
-940.0

Frame Nr. 22
-1116.0
-1105.0
-1047.0
-1039.0
-894.0
-803.0
-740.0
-742.0
-754.0
-675.0
-898.0
-1189.0
-1391.0
-1677.0
-2014.0
-2297.0
-2429.0
-2038.0
-1465.0
-1246.0
-692.0
310.0
924.0
1564.0
1979.0
2407.0
2859.0
2835.0
2581.0
2387.0
2005.0
1373.0
755.0
222.0
-199.0
-739.0
-1323.0
-1518.0
-1508.0
-1543.0
-1542.0
-1319.0
-857.0
-479.0
-257.0
117.0
602.0
948.0
1130.0
1144.0
1465.0
1661.0
1527.0
1453.0
1393.0
1203.0
860.0
457.0
55.0
-297.0
-694.0
-965.0
-1066.0
-1141.0
-1119.0
-1009.0
-788.0
-627.0
-528.0
-477.0
-348.0
-300.0
-470.0
-601.0
-834.0
-1090.0
-1325.0
-1595.0
-1745.0
-1591.0
-1300.0
-1070.0
-792.0
-35.0
610.0
1178.0
1725.0
2175.0
2672.0
2824.0
2712.0
2598.0
2389.0
1913.0
1338.0
883.0
347.0
-148.0
-694.0
-1073.0
-1242.0
-1409.0
-1499.0
-1382.0
-1121.0
-843.0
-496.0
-90.0
427.0
926.0
1175.0
1461.0
1738.0
1846.0
1766.0
1649.0
1389.0
1112.0
821.0
355.0
-27.0
-391.0
-651.0
-843.0
-969.0
-1015.0
-994.0
-940.0
-930.0
-868.0
-813.0
-749.0
-699.0
-688.0
-652.0
-618.0
-658.0
-827.0
-991.0
-1120.0
-1210.0
-1352.0
-1355.0
-1114.0
-922.0
-781.0
-326.0
156.0
527.0
948.0
1235.0
1606.0
1861.0
1922.0
1922.0
1856.0
1699.0
1398.0
1071.0
565.0
126.0
-307.0
-674.0
-957.0
-1225.0
-1358.0
-1381.0
-1240.0
-1096.0
-835.0
-469.0
-130.0
253.0
718.0
969.0
1272.0
1490.0
1525.0
1472.0
1372.0
1173.0
823.0
371.0
-151.0
-563.0
-910.0
-1168.0
-1306.0
-1327.0
-1240.0
-1090.0
-978.0
-827.0
-653.0
-598.0
-428.0
-351.0
-359.0
-301.0
-374.0
-417.0
-510.0
-645.0
-706.0
-808.0
-990.0
-979.0
-815.0
-687.0
-504.0
-285.0
32.0
385.0
578.0
922.0
1242.0
1493.0
1657.0
1628.0
1627.0
1542.0
1262.0
1009.0
739.0
430.0
175.0
-115.0
-368.0
-495.0
-649.0
-698.0
-618.0
-480.0
-230.0
-32.0
193.0
553.0
816.0
1031.0
1163.0
1303.0
1335.0
1241.0
1072.0
901.0
583.0
235.0
11.0
-261.0
-456.0
-685.0
-881.0
-933.0
-956.0
-999.0
-932.0

Frame Nr. 23
-930.0
-868.0
-813.0
-749.0
-699.0
-688.0
-652.0
-618.0
-658.0
-827.0
-991.0
-1120.0
-1210.0
-1352.0
-1355.0
-1114.0
-922.0
-781.0
-326.0
156.0
527.0
948.0
1235.0
1606.0
1861.0
1922.0
1922.0
1856.0
1699.0
1398.0
1071.0
565.0
126.0
-307.0
-674.0
-957.0
-1225.0
-1358.0
-1381.0
-1240.0
-1096.0
-835.0
-469.0
-130.0
253.0
718.0
969.0
1272.0
1490.0
1525.0
1472.0
1372.0
1173.0
823.0
371.0
-151.0
-563.0
-910.0
-1168.0
-1306.0
-1327.0
-1240.0
-1090.0
-978.0
-827.0
-653.0
-598.0
-428.0
-351.0
-359.0
-301.0
-374.0
-417.0
-510.0
-645.0
-706.0
-808.0
-990.0
-979.0
-815.0
-687.0
-504.0
-285.0
32.0
385.0
578.0
922.0
1242.0
1493.0
1657.0
1628.0
1627.0
1542.0
1262.0
1009.0
739.0
430.0
175.0
-115.0
-368.0
-495.0
-649.0
-698.0
-618.0
-480.0
-230.0
-32.0
193.0
553.0
816.0
1031.0
1163.0
1303.0
1335.0
1241.0
1072.0
901.0
583.0
235.0
11.0
-261.0
-456.0
-685.0
-881.0
-933.0
-956.0
-999.0
-932.0
-688.0
-576.0
-462.0
-291.0
-197.0
-76.0
-97.0
-167.0
-180.0
-269.0
-385.0
-501.0
-672.0
-659.0
-769.0
-884.0
-676.0
-597.0
-467.0
-269.0
-147.0
226.0
577.0
702.0
881.0
1138.0
1237.0
1308.0
1226.0
1133.0
1055.0
769.0
506.0
318.0
123.0
-38.0
-179.0
-275.0
-236.0
-229.0
-302.0
-95.0
50.0
71.0
342.0
563.0
638.0
744.0
796.0
830.0
793.0
639.0
463.0
278.0
103.0
-115.0
-263.0
-460.0
-668.0
-732.0
-870.0
-976.0
-999.0
-975.0
-933.0
-843.0
-742.0
-637.0
-567.0
-491.0
-368.0
-239.0
-183.0
-325.0
-333.0
-317.0
-458.0
-501.0
-536.0
-585.0
-656.0
-700.0
-549.0
-453.0
-417.0
-342.0
-201.0
-43.0
163.0
265.0
501.0
626.0
635.0
740.0
738.0
645.0
692.0
439.0
298.0
250.0
53.0
-14.0
-34.0
-215.0
-144.0
-63.0
-37.0
184.0
266.0
388.0
536.0
501.0
620.0
634.0
521.0
485.0
402.0
249.0
164.0
19.0
-95.0
-90.0
-236.0
-307.0
-252.0
-387.0
-372.0
-270.0

Frame Nr. 24
-688.0
-576.0
-462.0
-291.0
-197.0
-76.0
-97.0
-167.0
-180.0
-269.0
-385.0
-501.0
-672.0
-659.0
-769.0
-884.0
-676.0
-597.0
-467.0
-269.0
-147.0
226.0
577.0
702.0
881.0
1138.0
1237.0
1308.0
1226.0
1133.0
1055.0
769.0
506.0
318.0
123.0
-38.0
-179.0
-275.0
-236.0
-229.0
-302.0
-95.0
50.0
71.0
342.0
563.0
638.0
744.0
796.0
830.0
793.0
639.0
463.0
278.0
103.0
-115.0
-263.0
-460.0
-668.0
-732.0
-870.0
-976.0
-999.0
-975.0
-933.0
-843.0
-742.0
-637.0
-567.0
-491.0
-368.0
-239.0
-183.0
-325.0
-333.0
-317.0
-458.0
-501.0
-536.0
-585.0
-656.0
-700.0
-549.0
-453.0
-417.0
-342.0
-201.0
-43.0
163.0
265.0
501.0
626.0
635.0
740.0
738.0
645.0
692.0
439.0
298.0
250.0
53.0
-14.0
-34.0
-215.0
-144.0
-63.0
-37.0
184.0
266.0
388.0
536.0
501.0
620.0
634.0
521.0
485.0
402.0
249.0
164.0
19.0
-95.0
-90.0
-236.0
-307.0
-252.0
-387.0
-372.0
-270.0
-302.0
-301.0
-258.0
-291.0
-226.0
-168.0
-158.0
-177.0
-174.0
-156.0
-292.0
-230.0
-187.0
-158.0
-37.0
-123.0
-119.0
64.0
90.0
112.0
188.0
136.0
130.0
156.0
172.0
216.0
141.0
141.0
183.0
125.0
71.0
118.0
112.0
86.0
179.0
218.0
159.0
323.0
398.0
351.0
561.0
530.0
477.0
567.0
464.0
520.0
552.0
395.0
502.0
495.0
368.0
415.0
318.0
196.0
145.0
-31.0
-81.0
-185.0
-283.0
-236.0
-343.0
-326.0
-287.0
-299.0
-261.0
-188.0
-247.0
-185.0
-164.0
-174.0
-188.0
-255.0
-298.0
-300.0
-408.0
-334.0
-394.0
-458.0
-350.0
-308.0
-189.0
-107.0
-99.0
-39.0
111.0
103.0
85.0
127.0
16.0
17.0
10.0
-125.0
-108.0
-221.0
-218.0
-156.0
-273.0
-241.0
-110.0
-169.0
-101.0
53.0
83.0
248.0
268.0
210.0
290.0
248.0
138.0
224.0
105.0
-44.0
89.0
21.0
25.0
91.0
4.0
16.0
110.0
-119.0
-208.0
-174.0
-366.0
-374.0
-414.0
-495.0
-339.0
-251.0

Frame Nr. 25
-302.0
-301.0
-258.0
-291.0
-226.0
-168.0
-158.0
-177.0
-174.0
-156.0
-292.0
-230.0
-187.0
-158.0
-37.0
-123.0
-119.0
64.0
90.0
112.0
188.0
136.0
130.0
156.0
172.0
216.0
141.0
141.0
183.0
125.0
71.0
118.0
112.0
86.0
179.0
218.0
159.0
323.0
398.0
351.0
561.0
530.0
477.0
567.0
464.0
520.0
552.0
395.0
502.0
495.0
368.0
415.0
318.0
196.0
145.0
-31.0
-81.0
-185.0
-283.0
-236.0
-343.0
-326.0
-287.0
-299.0
-261.0
-188.0
-247.0
-185.0
-164.0
-174.0
-188.0
-255.0
-298.0
-300.0
-408.0
-334.0
-394.0
-458.0
-350.0
-308.0
-189.0
-107.0
-99.0
-39.0
111.0
103.0
85.0
127.0
16.0
17.0
10.0
-125.0
-108.0
-221.0
-218.0
-156.0
-273.0
-241.0
-110.0
-169.0
-101.0
53.0
83.0
248.0
268.0
210.0
290.0
248.0
138.0
224.0
105.0
-44.0
89.0
21.0
25.0
91.0
4.0
16.0
110.0
-119.0
-208.0
-174.0
-366.0
-374.0
-414.0
-495.0
-339.0
-251.0
-252.0
-36.0
-52.0
-61.0
154.0
75.0
82.0
267.0
135.0
157.0
221.0
16.0
-40.0
-19.0
-149.0
-131.0
3.0
-63.0
-17.0
153.0
169.0
106.0
223.0
235.0
178.0
255.0
226.0
181.0
212.0
66.0
-16.0
4.0
-47.0
-99.0
-116.0
-110.0
-108.0
-59.0
16.0
108.0
214.0
185.0
308.0
302.0
174.0
285.0
230.0
109.0
192.0
61.0
-23.0
97.0
33.0
-100.0
-36.0
-102.0
-73.0
-27.0
-39.0
-30.0
-59.0
-30.0
-61.0
-22.0
42.0
51.0
11.0
86.0
63.0
71.0
74.0
17.0
62.0
9.0
31.0
63.0
-65.0
-1.0
119.0
21.0
15.0
114.0
-8.0
-83.0
-29.0
-28.0
3.0
88.0
59.0
37.0
43.0
36.0
-61.0
-87.0
-49.0
8.0
-38.0
-122.0
-89.0
-143.0
-232.0
-208.0
-221.0
-257.0
-229.0
-286.0
-303.0
-176.0
-164.0
-98.0
-11.0
19.0
34.0
47.0
26.0
-25.0
-80.0
-203.0
-343.0
-397.0
-462.0
-481.0
-416.0
-338.0
-285.0
-210.0
-145.0
-110.0

Frame Nr. 26
-252.0
-36.0
-52.0
-61.0
154.0
75.0
82.0
267.0
135.0
157.0
221.0
16.0
-40.0
-19.0
-149.0
-131.0
3.0
-63.0
-17.0
153.0
169.0
106.0
223.0
235.0
178.0
255.0
226.0
181.0
212.0
66.0
-16.0
4.0
-47.0
-99.0
-116.0
-110.0
-108.0
-59.0
16.0
108.0
214.0
185.0
308.0
302.0
174.0
285.0
230.0
109.0
192.0
61.0
-23.0
97.0
33.0
-100.0
-36.0
-102.0
-73.0
-27.0
-39.0
-30.0
-59.0
-30.0
-61.0
-22.0
42.0
51.0
11.0
86.0
63.0
71.0
74.0
17.0
62.0
9.0
31.0
63.0
-65.0
-1.0
119.0
21.0
15.0
114.0
-8.0
-83.0
-29.0
-28.0
3.0
88.0
59.0
37.0
43.0
36.0
-61.0
-87.0
-49.0
8.0
-38.0
-122.0
-89.0
-143.0
-232.0
-208.0
-221.0
-257.0
-229.0
-286.0
-303.0
-176.0
-164.0
-98.0
-11.0
19.0
34.0
47.0
26.0
-25.0
-80.0
-203.0
-343.0
-397.0
-462.0
-481.0
-416.0
-338.0
-285.0
-210.0
-145.0
-110.0
-28.0
80.0
50.0
7.0
34.0
25.0
16.0
17.0
-24.0
-68.0
-85.0
-112.0
-109.0
-97.0
-153.0
-196.0
-177.0
-115.0
-29.0
31.0
77.0
96.0
83.0
52.0
51.0
50.0
48.0
39.0
8.0
19.0
43.0
19.0
-12.0
-33.0
-50.0
-47.0
-29.0
-69.0
-110.0
-108.0
-94.0
-69.0
-46.0
-29.0
-18.0
7.0
45.0
69.0
119.0
130.0
110.0
76.0
35.0
-9.0
-68.0
-139.0
-203.0
-249.0
-287.0
-314.0
-302.0
-295.0
-257.0
-170.0
-98.0
-28.0
51.0
119.0
192.0
261.0
278.0
265.0
232.0
168.0
114.0
65.0
17.0
8.0
5.0
1.0
6.0
16.0
54.0
117.0
160.0
197.0
233.0
263.0
289.0
294.0
283.0
273.0
263.0
230.0
187.0
159.0
131.0
75.0
37.0
24.0
0.0
-16.0
4.0
40.0
39.0
43.0
76.0
96.0
99.0
109.0
142.0
149.0
138.0
126.0
115.0
71.0
4.0
-37.0
-67.0
-116.0
-162.0
-204.0
-231.0
-228.0
-213.0
-210.0
-201.0
-199.0

Frame Nr. 27
-28.0
80.0
50.0
7.0
34.0
25.0
16.0
17.0
-24.0
-68.0
-85.0
-112.0
-109.0
-97.0
-153.0
-196.0
-177.0
-115.0
-29.0
31.0
77.0
96.0
83.0
52.0
51.0
50.0
48.0
39.0
8.0
19.0
43.0
19.0
-12.0
-33.0
-50.0
-47.0
-29.0
-69.0
-110.0
-108.0
-94.0
-69.0
-46.0
-29.0
-18.0
7.0
45.0
69.0
119.0
130.0
110.0
76.0
35.0
-9.0
-68.0
-139.0
-203.0
-249.0
-287.0
-314.0
-302.0
-295.0
-257.0
-170.0
-98.0
-28.0
51.0
119.0
192.0
261.0
278.0
265.0
232.0
168.0
114.0
65.0
17.0
8.0
5.0
1.0
6.0
16.0
54.0
117.0
160.0
197.0
233.0
263.0
289.0
294.0
283.0
273.0
263.0
230.0
187.0
159.0
131.0
75.0
37.0
24.0
0.0
-16.0
4.0
40.0
39.0
43.0
76.0
96.0
99.0
109.0
142.0
149.0
138.0
126.0
115.0
71.0
4.0
-37.0
-67.0
-116.0
-162.0
-204.0
-231.0
-228.0
-213.0
-210.0
-201.0
-199.0
-178.0
-114.0
-43.0
-11.0
8.0
43.0
61.0
40.0
42.0
31.0
-20.0
-91.0
-132.0
-138.0
-142.0
-157.0
-158.0
-162.0
-157.0
-134.0
-97.0
-62.0
-45.0
-29.0
8.0
71.0
113.0
125.0
122.0
105.0
43.0
-50.0
-131.0
-203.0
-272.0
-319.0
-308.0
-265.0
-204.0
-134.0
-85.0
-61.0
-27.0
0.0
9.0
2.0
-9.0
-15.0
-37.0
-68.0
-111.0
-154.0
-200.0
-231.0
-255.0
-294.0
-345.0
-405.0
-432.0
-377.0
-286.0
-188.0
-93.0
-16.0
43.0
77.0
97.0
126.0
148.0
152.0
122.0
110.0
103.0
88.0
101.0
99.0
99.0
99.0
96.0
92.0
81.0
75.0
54.0
42.0
42.0
52.0
75.0
108.0
145.0
186.0
209.0
198.0
187.0
186.0
171.0
137.0
95.0
61.0
43.0
39.0
38.0
55.0
53.0
47.0
48.0
41.0
35.0
47.0
56.0
64.0
83.0
100.0
105.0
81.0
51.0
48.0
32.0
7.0
-6.0
-17.0
-29.0
-26.0
-23.0
-9.0
32.0
39.0
25.0
27.0

Frame Nr. 28
-178.0
-114.0
-43.0
-11.0
8.0
43.0
61.0
40.0
42.0
31.0
-20.0
-91.0
-132.0
-138.0
-142.0
-157.0
-158.0
-162.0
-157.0
-134.0
-97.0
-62.0
-45.0
-29.0
8.0
71.0
113.0
125.0
122.0
105.0
43.0
-50.0
-131.0
-203.0
-272.0
-319.0
-308.0
-265.0
-204.0
-134.0
-85.0
-61.0
-27.0
0.0
9.0
2.0
-9.0
-15.0
-37.0
-68.0
-111.0
-154.0
-200.0
-231.0
-255.0
-294.0
-345.0
-405.0
-432.0
-377.0
-286.0
-188.0
-93.0
-16.0
43.0
77.0
97.0
126.0
148.0
152.0
122.0
110.0
103.0
88.0
101.0
99.0
99.0
99.0
96.0
92.0
81.0
75.0
54.0
42.0
42.0
52.0
75.0
108.0
145.0
186.0
209.0
198.0
187.0
186.0
171.0
137.0
95.0
61.0
43.0
39.0
38.0
55.0
53.0
47.0
48.0
41.0
35.0
47.0
56.0
64.0
83.0
100.0
105.0
81.0
51.0
48.0
32.0
7.0
-6.0
-17.0
-29.0
-26.0
-23.0
-9.0
32.0
39.0
25.0
27.0
47.0
67.0
81.0
83.0
70.0
63.0
63.0
65.0
77.0
57.0
34.0
40.0
48.0
54.0
54.0
37.0
25.0
39.0
28.0
15.0
44.0
81.0
110.0
98.0
97.0
107.0
81.0
65.0
85.0
82.0
62.0
50.0
70.0
67.0
73.0
59.0
31.0
7.0
1.0
-18.0
-6.0
11.0
1.0
-15.0
10.0
26.0
38.0
30.0
19.0
18.0
-29.0
-38.0
-56.0
-156.0
-244.0
-253.0
-209.0
-165.0
-138.0
-128.0
-125.0
-121.0
-123.0
-112.0
-81.0
-56.0
-38.0
-34.0
-26.0
-20.0
-21.0
-32.0
-45.0
-74.0
-113.0
-141.0
-166.0
-185.0
-192.0
-177.0
-134.0
-79.0
-38.0
-3.0
43.0
90.0
117.0
100.0
75.0
37.0
-4.0
-55.0
-98.0
-114.0
-111.0
-119.0
-121.0
-98.0
-56.0
-16.0
-3.0
11.0
25.0
27.0
40.0
39.0
28.0
17.0
4.0
-9.0
-12.0
-21.0
-46.0
-56.0
-60.0
-59.0
-49.0
-44.0
-54.0
-56.0
-47.0
-40.0
-31.0
-9.0
0.0
-7.0
-24.0
-17.0

Frame Nr. 29
47.0
67.0
81.0
83.0
70.0
63.0
63.0
65.0
77.0
57.0
34.0
40.0
48.0
54.0
54.0
37.0
25.0
39.0
28.0
15.0
44.0
81.0
110.0
98.0
97.0
107.0
81.0
65.0
85.0
82.0
62.0
50.0
70.0
67.0
73.0
59.0
31.0
7.0
1.0
-18.0
-6.0
11.0
1.0
-15.0
10.0
26.0
38.0
30.0
19.0
18.0
-29.0
-38.0
-56.0
-156.0
-244.0
-253.0
-209.0
-165.0
-138.0
-128.0
-125.0
-121.0
-123.0
-112.0
-81.0
-56.0
-38.0
-34.0
-26.0
-20.0
-21.0
-32.0
-45.0
-74.0
-113.0
-141.0
-166.0
-185.0
-192.0
-177.0
-134.0
-79.0
-38.0
-3.0
43.0
90.0
117.0
100.0
75.0
37.0
-4.0
-55.0
-98.0
-114.0
-111.0
-119.0
-121.0
-98.0
-56.0
-16.0
-3.0
11.0
25.0
27.0
40.0
39.0
28.0
17.0
4.0
-9.0
-12.0
-21.0
-46.0
-56.0
-60.0
-59.0
-49.0
-44.0
-54.0
-56.0
-47.0
-40.0
-31.0
-9.0
0.0
-7.0
-24.0
-17.0
4.0
27.0
60.0
101.0
133.0
156.0
159.0
164.0
164.0
160.0
153.0
148.0
142.0
144.0
140.0
120.0
111.0
115.0
143.0
172.0
195.0
221.0
234.0
215.0
203.0
211.0
209.0
197.0
183.0
158.0
113.0
79.0
91.0
71.0
26.0
-3.0
1.0
29.0
40.0
53.0
95.0
170.0
209.0
220.0
260.0
261.0
209.0
185.0
175.0
124.0
31.0
-24.0
-35.0
-34.0
-55.0
-63.0
-68.0
-69.0
-55.0
-37.0
-17.0
-24.0
-48.0
-47.0
-40.0
-42.0
-51.0
-49.0
-55.0
-46.0
-53.0
-76.0
-114.0
-181.0
-225.0
-244.0
-236.0
-171.0
-90.0
-47.0
-31.0
-21.0
-6.0
-7.0
14.0
44.0
48.0
40.0
25.0
33.0
48.0
45.0
33.0
24.0
-1.0
-29.0
-56.0
-77.0
-90.0
-98.0
-111.0
-134.0
-141.0
-132.0
-115.0
-96.0
-84.0
-75.0
-63.0
-76.0
-93.0
-86.0
-92.0
-91.0
-94.0
-93.0
-95.0
-125.0
-155.0
-182.0
-244.0
-312.0
-353.0
-365.0
-315.0
-217.0
-131.0
-65.0

Frame Nr. 30
4.0
27.0
60.0
101.0
133.0
156.0
159.0
164.0
164.0
160.0
153.0
148.0
142.0
144.0
140.0
120.0
111.0
115.0
143.0
172.0
195.0
221.0
234.0
215.0
203.0
211.0
209.0
197.0
183.0
158.0
113.0
79.0
91.0
71.0
26.0
-3.0
1.0
29.0
40.0
53.0
95.0
170.0
209.0
220.0
260.0
261.0
209.0
185.0
175.0
124.0
31.0
-24.0
-35.0
-34.0
-55.0
-63.0
-68.0
-69.0
-55.0
-37.0
-17.0
-24.0
-48.0
-47.0
-40.0
-42.0
-51.0
-49.0
-55.0
-46.0
-53.0
-76.0
-114.0
-181.0
-225.0
-244.0
-236.0
-171.0
-90.0
-47.0
-31.0
-21.0
-6.0
-7.0
14.0
44.0
48.0
40.0
25.0
33.0
48.0
45.0
33.0
24.0
-1.0
-29.0
-56.0
-77.0
-90.0
-98.0
-111.0
-134.0
-141.0
-132.0
-115.0
-96.0
-84.0
-75.0
-63.0
-76.0
-93.0
-86.0
-92.0
-91.0
-94.0
-93.0
-95.0
-125.0
-155.0
-182.0
-244.0
-312.0
-353.0
-365.0
-315.0
-217.0
-131.0
-65.0
-2.0
44.0
73.0
80.0
81.0
80.0
72.0
55.0
38.0
21.0
-2.0
10.0
30.0
69.0
102.0
128.0
146.0
165.0
179.0
170.0
162.0
155.0
143.0
105.0
91.0
104.0
107.0
101.0
95.0
80.0
72.0
58.0
50.0
53.0
40.0
38.0
46.0
59.0
75.0
85.0
84.0
88.0
82.0
65.0
49.0
46.0
40.0
26.0
13.0
8.0
24.0
39.0
48.0
42.0
43.0
57.0
56.0
39.0
11.0
6.0
22.0
40.0
13.0
22.0
84.0
102.0
90.0
101.0
99.0
85.0
87.0
112.0
123.0
143.0
134.0
129.0
125.0
118.0
106.0
111.0
113.0
100.0
79.0
89.0
109.0
123.0
121.0
110.0
121.0
101.0
64.0
35.0
-18.0
-96.0
-163.0
-206.0
-203.0
-161.0
-101.0
-55.0
-27.0
-11.0
5.0
11.0
25.0
42.0
49.0
33.0
20.0
-5.0
-22.0
-17.0
-41.0
238.0
618.0
344.0
78.0
-34.0
-249.0
-321.0
-177.0
-32.0
-102.0
-149.0
-211.0
-314.0
-337.0
-218.0

Frame Nr. 31
-2.0
44.0
73.0
80.0
81.0
80.0
72.0
55.0
38.0
21.0
-2.0
10.0
30.0
69.0
102.0
128.0
146.0
165.0
179.0
170.0
162.0
155.0
143.0
105.0
91.0
104.0
107.0
101.0
95.0
80.0
72.0
58.0
50.0
53.0
40.0
38.0
46.0
59.0
75.0
85.0
84.0
88.0
82.0
65.0
49.0
46.0
40.0
26.0
13.0
8.0
24.0
39.0
48.0
42.0
43.0
57.0
56.0
39.0
11.0
6.0
22.0
40.0
13.0
22.0
84.0
102.0
90.0
101.0
99.0
85.0
87.0
112.0
123.0
143.0
134.0
129.0
125.0
118.0
106.0
111.0
113.0
100.0
79.0
89.0
109.0
123.0
121.0
110.0
121.0
101.0
64.0
35.0
-18.0
-96.0
-163.0
-206.0
-203.0
-161.0
-101.0
-55.0
-27.0
-11.0
5.0
11.0
25.0
42.0
49.0
33.0
20.0
-5.0
-22.0
-17.0
-41.0
238.0
618.0
344.0
78.0
-34.0
-249.0
-321.0
-177.0
-32.0
-102.0
-149.0
-211.0
-314.0
-337.0
-218.0
-179.0
-182.0
-96.0
-81.0
-120.0
-97.0
-41.0
-48.0
-75.0
-57.0
-30.0
-41.0
-43.0
-13.0
-10.0
-18.0
87.0
499.0
653.0
589.0
552.0
218.0
-194.0
-387.0
-553.0
-672.0
-571.0
-422.0
-395.0
-355.0
-210.0
-62.0
1.0
97.0
146.0
480.0
824.0
645.0
451.0
127.0
-350.0
-583.0
-714.0
-913.0
-778.0
-438.0
-321.0
-236.0
-84.0
34.0
94.0
227.0
290.0
220.0
228.0
271.0
168.0
14.0
-36.0
-37.0
-97.0
-105.0
-94.0
-98.0
-98.0
3.0
43.0
35.0
32.0
83.0
125.0
136.0
143.0
138.0
117.0
142.0
190.0
163.0
115.0
108.0
98.0
59.0
54.0
71.0
70.0
79.0
95.0
101.0
114.0
129.0
164.0
202.0
222.0
196.0
156.0
140.0
104.0
23.0
-67.0
-53.0
-11.0
-16.0
-36.0
-20.0
-43.0
-54.0
-34.0
48.0
63.0
65.0
92.0
77.0
24.0
-22.0
-36.0
6.0
59.0
83.0
39.0
15.0
34.0
21.0
12.0
57.0
63.0
27.0
13.0
138.0

Frame Nr. 32
-179.0
-182.0
-96.0
-81.0
-120.0
-97.0
-41.0
-48.0
-75.0
-57.0
-30.0
-41.0
-43.0
-13.0
-10.0
-18.0
87.0
499.0
653.0
589.0
552.0
218.0
-194.0
-387.0
-553.0
-672.0
-571.0
-422.0
-395.0
-355.0
-210.0
-62.0
1.0
97.0
146.0
480.0
824.0
645.0
451.0
127.0
-350.0
-583.0
-714.0
-913.0
-778.0
-438.0
-321.0
-236.0
-84.0
34.0
94.0
227.0
290.0
220.0
228.0
271.0
168.0
14.0
-36.0
-37.0
-97.0
-105.0
-94.0
-98.0
-98.0
3.0
43.0
35.0
32.0
83.0
125.0
136.0
143.0
138.0
117.0
142.0
190.0
163.0
115.0
108.0
98.0
59.0
54.0
71.0
70.0
79.0
95.0
101.0
114.0
129.0
164.0
202.0
222.0
196.0
156.0
140.0
104.0
23.0
-67.0
-53.0
-11.0
-16.0
-36.0
-20.0
-43.0
-54.0
-34.0
48.0
63.0
65.0
92.0
77.0
24.0
-22.0
-36.0
6.0
59.0
83.0
39.0
15.0
34.0
21.0
12.0
57.0
63.0
27.0
13.0
138.0
327.0
328.0
315.0
264.0
92.0
-120.0
-261.0
-396.0
-465.0
-361.0
-219.0
-121.0
19.0
124.0
161.0
208.0
247.0
246.0
151.0
43.0
-9.0
-134.0
-239.0
-302.0
-338.0
-351.0
-337.0
-325.0
-313.0
-203.0
-69.0
-29.0
-39.0
-34.0
-49.0
-84.0
-110.0
-142.0
-194.0
-216.0
-187.0
-155.0
-239.0
-247.0
-211.0
-225.0
-196.0
-135.0
-83.0
-92.0
-74.0
-67.0
-88.0
-79.0
-47.0
-35.0
-22.0
-68.0
-129.0
-161.0
-187.0
-172.0
-139.0
-141.0
-114.0
-103.0
-96.0
-64.0
6.0
6.0
20.0
66.0
85.0
50.0
92.0
104.0
113.0
138.0
137.0
118.0
91.0
95.0
40.0
-27.0
-7.0
-24.0
-68.0
-65.0
-26.0
-28.0
-82.0
-72.0
-81.0
-95.0
-101.0
-37.0
37.0
58.0
116.0
142.0
116.0
87.0
59.0
64.0
29.0
7.0
53.0
56.0
47.0
48.0
65.0
71.0
109.0
144.0
139.0
122.0
137.0
130.0
105.0
107.0
92.0
82.0
106.0
117.0
106.0
83.0
101.0
126.0

